units,spikeTimeRawS,movieAlignedTimeS,movieAlignedTimeMs
2,30.1006,0.4566,456.5999
2,30.2991,0.6551,655.0999
2,30.5549,0.9109,910.8999
2,32.2719,2.6279,2627.8999
2,32.2853,2.6413,2641.2999
2,34.6778,5.0338,5033.7999
2,36.1021,6.4581,6458.0999
2,36.1230,6.4790,6478.9999
2,36.7086,7.0646,7064.5999
2,36.7222,7.0782,7078.1999
2,37.2607,7.6167,7616.6999
2,38.2818,8.6378,8637.7999
2,39.4444,9.8004,9800.3999
2,39.5121,9.8681,9868.0999
2,42.0021,12.3581,12358.0999
2,42.0214,12.3774,12377.3999
2,42.8284,13.1844,13184.3999
2,43.9886,14.3446,14344.5999
2,44.1358,14.4918,14491.7999
2,44.2278,14.5838,14583.7999
2,44.2471,14.6031,14603.0999
2,44.2558,14.6118,14611.7999
2,44.3118,14.6678,14667.7999
2,44.3777,14.7337,14733.6999
2,45.3361,15.6921,15692.0999
2,46.1185,16.4745,16474.4999
2,57.5587,27.9147,27914.6999
2,57.5879,27.9439,27943.8999
2,57.8787,28.2347,28234.6999
2,57.9299,28.2859,28285.8999
2,59.4319,29.7879,29787.8999
2,62.0977,32.4537,32453.6999
2,62.1767,32.5327,32532.6999
2,62.3361,32.6921,32692.0999
2,62.3564,32.7124,32712.3999
2,62.3694,32.7254,32725.3999
2,62.4980,32.8540,32853.9999
2,62.7520,33.1080,33107.9999
2,62.7843,33.1403,33140.2999
2,64.1112,34.4672,34467.1999
2,64.2288,34.5848,34584.7999
2,65.0252,35.3812,35381.1999
2,65.1421,35.4981,35498.0999
2,65.2024,35.5584,35558.3999
2,65.5297,35.8857,35885.6999
2,65.5920,35.9480,35947.9999
2,66.2970,36.6530,36652.9999
2,67.4553,37.8113,37811.2999
2,67.4699,37.8259,37825.8999
2,68.8818,39.2378,39237.7999
2,69.1520,39.5080,39507.9999
2,69.2115,39.5675,39567.4999
2,70.0934,40.4494,40449.3999
2,70.2423,40.5983,40598.2999
2,70.3447,40.7007,40700.6999
2,70.3789,40.7349,40734.8999
2,70.4897,40.8457,40845.6999
2,70.8660,41.2220,41221.9999
2,70.8957,41.2517,41251.6999
2,70.9364,41.2924,41292.3999
2,72.2943,42.6503,42650.2999
2,72.3597,42.7157,42715.6999
2,72.3658,42.7218,42721.7999
2,72.5828,42.9388,42938.7999
2,72.5935,42.9495,42949.4999
2,72.6093,42.9653,42965.2999
2,72.6261,42.9821,42982.0999
2,72.8307,43.1867,43186.6999
2,72.8332,43.1892,43189.1999
2,72.8392,43.1952,43195.1999
2,72.8454,43.2014,43201.3999
2,72.8902,43.2462,43246.1999
2,73.6293,43.9853,43985.2999
2,75.3414,45.6974,45697.3999
2,75.3930,45.7490,45748.9999
2,76.2765,46.6325,46632.4999
2,76.5961,46.9521,46952.0999
2,76.6217,46.9777,46977.6999
2,76.6245,46.9805,46980.4999
2,77.1785,47.5345,47534.4999
2,77.5319,47.8879,47887.8999
2,77.5759,47.9319,47931.8999
2,77.6370,47.9930,47992.9999
2,77.7058,48.0618,48061.7999
2,77.9861,48.3421,48342.0999
2,78.6184,48.9744,48974.3999
2,78.8182,49.1742,49174.1999
2,78.8213,49.1773,49177.2999
2,80.5481,50.9041,50904.0999
2,80.5637,50.9197,50919.6999
2,80.9723,51.3283,51328.2999
2,81.4000,51.7560,51755.9999
2,82.2798,52.6358,52635.7999
2,83.4841,53.8401,53840.0999
2,84.1987,54.5547,54554.6999
2,84.3033,54.6593,54659.2999
2,84.3595,54.7155,54715.4999
2,85.1902,55.5462,55546.1999
2,85.3044,55.6604,55660.3999
2,85.4126,55.7686,55768.5999
2,85.4258,55.7818,55781.7999
2,85.7732,56.1292,56129.1999
2,86.3293,56.6853,56685.2999
2,86.7012,57.0572,57057.1999
2,87.6628,58.0188,58018.7999
2,87.6700,58.0260,58025.9999
2,88.6795,59.0355,59035.4999
2,89.2649,59.6209,59620.8999
2,89.2706,59.6266,59626.5999
2,89.9110,60.2670,60266.9999
2,89.9781,60.3341,60334.0999
2,91.2307,61.5867,61586.6999
2,91.5862,61.9422,61942.1999
2,91.9905,62.3465,62346.4999
2,92.3927,62.7487,62748.6999
2,92.4258,62.7818,62781.7999
2,92.8621,63.2181,63218.0999
2,93.0565,63.4125,63412.4999
2,93.0620,63.4180,63417.9999
2,93.5527,63.9087,63908.6999
2,95.3465,65.7025,65702.4999
2,95.4597,65.8157,65815.6999
2,95.7237,66.0797,66079.6999
2,96.1174,66.4734,66473.3999
2,96.1370,66.4930,66492.9999
2,96.9763,67.3323,67332.2999
2,98.5317,68.8877,68887.6999
2,100.7384,71.0944,71094.3999
2,102.0239,72.3799,72379.8999
2,102.0474,72.4034,72403.3999
2,102.0909,72.4469,72446.8999
2,102.1609,72.5169,72516.8999
2,102.3126,72.6686,72668.5999
2,102.3475,72.7035,72703.4999
2,102.6050,72.9610,72960.9999
2,103.0438,73.3998,73399.7999
2,103.1405,73.4965,73496.4999
2,103.7896,74.1456,74145.5999
2,104.2884,74.6444,74644.3999
2,104.3766,74.7326,74732.5999
2,105.1710,75.5270,75526.9999
2,105.9337,76.2897,76289.6999
2,106.4610,76.8170,76816.9999
2,107.8805,78.2365,78236.4999
2,107.9319,78.2879,78287.8999
2,108.0014,78.3574,78357.3999
2,109.2297,79.5857,79585.6999
2,109.8452,80.2012,80201.1999
2,110.0300,80.3860,80385.9999
2,110.0361,80.3921,80392.0999
2,110.8096,81.1656,81165.5999
2,110.9623,81.3183,81318.2999
2,110.9673,81.3233,81323.2999
2,111.6940,82.0500,82049.9999
2,113.7662,84.1222,84122.1999
2,113.8881,84.2441,84244.0999
2,113.9247,84.2807,84280.6999
2,116.6468,87.0028,87002.7999
2,117.9411,88.2971,88297.0999
2,119.0999,89.4559,89455.8999
2,119.1582,89.5142,89514.1999
2,119.1750,89.5310,89530.9999
2,119.4133,89.7693,89769.2999
2,120.0077,90.3637,90363.6999
2,120.6560,91.0120,91011.9999
2,122.7617,93.1177,93117.6999
2,123.8917,94.2477,94247.6999
2,123.9305,94.2865,94286.4999
2,125.0939,95.4499,95449.8999
2,125.4354,95.7914,95791.3999
2,127.2430,97.5990,97598.9999
2,127.3247,97.6807,97680.6999
2,127.4539,97.8099,97809.8999
2,127.5528,97.9088,97908.7999
2,127.7244,98.0804,98080.3999
2,127.8670,98.2230,98222.9999
2,127.9242,98.2802,98280.1999
2,128.1486,98.5046,98504.5999
2,128.3475,98.7035,98703.4999
2,128.3962,98.7522,98752.1999
2,128.8863,99.2423,99242.2999
2,129.1123,99.4683,99468.2999
2,129.6403,99.9963,99996.2999
2,130.1181,100.4741,100474.0999
2,132.0089,102.3649,102364.8999
2,132.6708,103.0268,103026.7999
2,132.7586,103.1146,103114.5999
2,133.0522,103.4082,103408.1999
2,133.2000,103.5560,103555.9999
2,133.4762,103.8322,103832.1999
2,133.6334,103.9894,103989.3999
2,134.7088,105.0648,105064.7999
2,134.7578,105.1138,105113.7999
2,134.7754,105.1314,105131.3999
2,135.4360,105.7920,105791.9999
2,136.0387,106.3947,106394.6999
2,136.0451,106.4011,106401.0999
2,137.2554,107.6114,107611.3999
2,137.2784,107.6344,107634.3999
2,137.5919,107.9479,107947.8999
2,137.6509,108.0069,108006.8999
2,137.7048,108.0608,108060.7999
2,137.8266,108.1826,108182.5999
2,139.1422,109.4982,109498.1999
2,139.1445,109.5005,109500.4999
2,139.1640,109.5200,109519.9999
2,139.3424,109.6984,109698.3999
2,139.4333,109.7893,109789.2999
2,139.5553,109.9113,109911.2999
2,139.6169,109.9729,109972.8999
2,139.6338,109.9898,109989.7999
2,139.8283,110.1843,110184.2999
2,139.8359,110.1919,110191.8999
2,139.9385,110.2945,110294.4999
2,140.0376,110.3936,110393.5999
2,140.0622,110.4182,110418.1999
2,140.2819,110.6379,110637.8999
2,140.3804,110.7364,110736.3999
2,140.8430,111.1990,111198.9999
2,141.0140,111.3700,111369.9999
2,141.4656,111.8216,111821.5999
2,141.8308,112.1868,112186.7999
2,141.8734,112.2294,112229.3999
2,142.0890,112.4450,112444.9999
2,142.2768,112.6328,112632.7999
2,142.5206,112.8766,112876.5999
2,142.5444,112.9004,112900.3999
2,142.5592,112.9152,112915.1999
2,142.6016,112.9576,112957.5999
2,142.9000,113.2560,113255.9999
2,143.0429,113.3989,113398.8999
2,143.1487,113.5047,113504.6999
2,143.2570,113.6130,113612.9999
2,143.2655,113.6215,113621.4999
2,143.2814,113.6374,113637.3999
2,143.7454,114.1014,114101.3999
2,145.1282,115.4842,115484.1999
2,145.3146,115.6706,115670.5999
2,147.3516,117.7076,117707.5999
2,147.3536,117.7096,117709.5999
2,147.3712,117.7272,117727.1999
2,147.5409,117.8969,117896.8999
2,147.9047,118.2607,118260.6999
2,148.1270,118.4830,118482.9999
2,148.1465,118.5025,118502.4999
2,148.3042,118.6602,118660.1999
2,148.3515,118.7075,118707.4999
2,148.5341,118.8901,118890.0999
2,148.7325,119.0885,119088.4999
2,149.5367,119.8927,119892.6999
2,149.5740,119.9300,119929.9999
2,149.6790,120.0350,120034.9999
2,149.8161,120.1721,120172.0999
2,150.7297,121.0857,121085.6999
2,152.3072,122.6632,122663.1999
2,152.5213,122.8773,122877.2999
2,152.6113,122.9673,122967.2999
2,152.6175,122.9735,122973.4999
2,154.3108,124.6668,124666.7999
2,154.3425,124.6985,124698.4999
2,154.6671,125.0231,125023.0999
2,154.7907,125.1467,125146.6999
2,156.6541,127.0101,127010.0999
2,157.1401,127.4961,127496.0999
2,157.9027,128.2587,128258.6999
2,157.9735,128.3295,128329.4999
2,157.9833,128.3393,128339.2999
2,159.4867,129.8427,129842.6999
2,159.5562,129.9122,129912.1999
2,161.7993,132.1553,132155.2999
2,161.8030,132.1590,132158.9999
2,162.5920,132.9480,132947.9999
2,163.7055,134.0615,134061.4999
2,165.3329,135.6889,135688.8999
2,165.4371,135.7931,135793.0999
2,165.5189,135.8749,135874.8999
2,166.0324,136.3884,136388.3999
2,166.0470,136.4030,136402.9999
2,166.2486,136.6046,136604.5999
2,166.3333,136.6893,136689.2999
2,166.9468,137.3028,137302.7999
2,167.6333,137.9893,137989.2999
2,167.6752,138.0312,138031.1999
2,167.6932,138.0492,138049.1999
2,168.0469,138.4029,138402.8999
2,168.3318,138.6878,138687.7999
2,168.5803,138.9363,138936.2999
2,168.9092,139.2652,139265.1999
2,168.9203,139.2763,139276.2999
2,169.8883,140.2443,140244.2999
2,169.8911,140.2471,140247.0999
2,170.3293,140.6853,140685.2999
2,170.3325,140.6885,140688.4999
2,172.8356,143.1916,143191.5999
2,172.8708,143.2268,143226.7999
2,172.9197,143.2757,143275.6999
2,173.4911,143.8471,143847.0999
2,173.6037,143.9597,143959.6999
2,174.7394,145.0954,145095.3999
2,174.9269,145.2829,145282.8999
2,175.6337,145.9897,145989.6999
2,175.6364,145.9924,145992.3999
2,175.9792,146.3352,146335.1999
2,175.9857,146.3417,146341.6999
2,176.8906,147.2466,147246.5999
2,177.1440,147.5000,147499.9999
2,178.0047,148.3607,148360.6999
2,178.1844,148.5404,148540.3999
2,178.2706,148.6266,148626.5999
2,178.2801,148.6361,148636.0999
2,178.3193,148.6753,148675.2999
2,178.3857,148.7417,148741.6999
2,178.4051,148.7611,148761.0999
2,178.4151,148.7711,148771.0999
2,179.2826,149.6386,149638.5999
2,179.6742,150.0302,150030.1999
2,179.6773,150.0333,150033.2999
2,179.6946,150.0506,150050.5999
2,179.9475,150.3035,150303.4999
2,180.0731,150.4291,150429.0999
2,180.4382,150.7942,150794.1999
2,180.5475,150.9035,150903.4999
2,180.6735,151.0295,151029.4999
2,181.0568,151.4128,151412.7999
2,181.0871,151.4431,151443.0999
2,182.2839,152.6399,152639.8999
2,182.6884,153.0444,153044.3999
2,182.7327,153.0887,153088.6999
2,182.7506,153.1066,153106.5999
2,183.3326,153.6886,153688.5999
2,186.4117,156.7677,156767.6999
2,188.6440,159.0000,158999.9999
2,188.7700,159.1260,159125.9999
2,190.9308,161.2868,161286.7999
2,192.9239,163.2799,163279.8999
2,199.9002,170.2562,170256.1999
2,200.0093,170.3653,170365.2999
2,200.0919,170.4479,170447.8999
2,202.6433,172.9993,172999.2999
2,203.1768,173.5328,173532.7999
2,203.4701,173.8261,173826.0999
2,204.7007,175.0567,175056.6999
2,204.7068,175.0628,175062.7999
2,206.9869,177.3429,177342.8999
2,212.5118,182.8678,182867.7999
2,212.6775,183.0335,183033.4999
2,213.3554,183.7114,183711.3999
2,214.1859,184.5419,184541.8999
2,214.2045,184.5605,184560.4999
2,215.4405,185.7965,185796.4999
2,215.4480,185.8040,185803.9999
2,216.8856,187.2416,187241.5999
2,217.4902,187.8462,187846.1999
2,217.7289,188.0849,188084.8999
2,217.9301,188.2861,188286.0999
2,218.0267,188.3827,188382.6999
2,218.1720,188.5280,188527.9999
2,218.7767,189.1327,189132.6999
2,218.8335,189.1895,189189.4999
2,219.8215,190.1775,190177.4999
2,220.1472,190.5032,190503.1999
2,220.4970,190.8530,190852.9999
2,225.3698,195.7258,195725.7999
2,226.1837,196.5397,196539.6999
2,226.1985,196.5545,196554.4999
2,226.2366,196.5926,196592.5999
2,226.2485,196.6045,196604.4999
2,226.3728,196.7288,196728.7999
2,226.3981,196.7541,196754.0999
2,226.4312,196.7872,196787.1999
2,226.5302,196.8862,196886.1999
2,226.5588,196.9148,196914.7999
2,226.5668,196.9228,196922.7999
2,226.5897,196.9457,196945.6999
2,226.6866,197.0426,197042.5999
2,226.6927,197.0487,197048.6999
2,226.6993,197.0553,197055.2999
2,226.7100,197.0660,197065.9999
2,226.7237,197.0797,197079.6999
2,227.4062,197.7622,197762.1999
2,227.6640,198.0200,198019.9999
2,227.7463,198.1023,198102.2999
2,228.2773,198.6333,198633.2999
2,228.9706,199.3266,199326.5999
2,231.6590,202.0150,202014.9999
2,231.7871,202.1431,202143.0999
2,231.8933,202.2493,202249.2999
2,231.9239,202.2799,202279.8999
2,231.9832,202.3392,202339.1999
2,232.0484,202.4044,202404.3999
2,233.2453,203.6013,203601.2999
2,234.1916,204.5476,204547.5999
2,234.3539,204.7099,204709.8999
2,234.4981,204.8541,204854.0999
2,234.5221,204.8781,204878.0999
2,235.4457,205.8017,205801.6999
2,235.7550,206.1110,206110.9999
2,235.8127,206.1687,206168.6999
2,236.3373,206.6933,206693.2999
2,236.6399,206.9959,206995.8999
2,236.6465,207.0025,207002.4999
2,237.1529,207.5089,207508.8999
2,237.2362,207.5922,207592.1999
2,237.7581,208.1141,208114.0999
2,238.4917,208.8477,208847.6999
2,238.5532,208.9092,208909.1999
2,238.5605,208.9165,208916.4999
2,239.0452,209.4012,209401.1999
2,239.2802,209.6362,209636.1999
2,239.3792,209.7352,209735.1999
2,240.4728,210.8288,210828.7999
2,240.5394,210.8954,210895.3999
2,240.6312,210.9872,210987.1999
2,240.6375,210.9935,210993.4999
2,241.6573,212.0133,212013.2999
2,241.6732,212.0292,212029.1999
2,241.7128,212.0688,212068.7999
2,242.4099,212.7659,212765.8999
2,242.4429,212.7989,212798.8999
2,243.0232,213.3792,213379.1999
2,243.9745,214.3305,214330.4999
2,244.3855,214.7415,214741.4999
2,248.1154,218.4714,218471.3999
2,249.7791,220.1351,220135.0999
2,249.8377,220.1937,220193.6999
2,250.2331,220.5891,220589.0999
2,250.5394,220.8954,220895.3999
2,251.1601,221.5161,221516.0999
2,251.1810,221.5370,221536.9999
2,251.2164,221.5724,221572.3999
2,251.4881,221.8441,221844.0999
2,251.6744,222.0304,222030.3999
2,251.7705,222.1265,222126.4999
2,252.3000,222.6560,222655.9999
2,254.0023,224.3583,224358.2999
2,254.8703,225.2263,225226.2999
2,255.1842,225.5402,225540.1999
2,255.1994,225.5554,225555.3999
2,255.4102,225.7662,225766.1999
2,256.3037,226.6597,226659.6999
2,256.5208,226.8768,226876.7999
2,256.5998,226.9558,226955.7999
2,256.6400,226.9960,226995.9999
2,256.6422,226.9982,226998.1999
2,256.6601,227.0161,227016.0999
2,258.2040,228.5600,228559.9999
2,258.3160,228.6720,228671.9999
2,258.8021,229.1581,229158.0999
2,260.8489,231.2049,231204.8999
2,260.9080,231.2640,231263.9999
2,260.9100,231.2660,231265.9999
2,260.9216,231.2776,231277.5999
2,260.9707,231.3267,231326.6999
2,261.0037,231.3597,231359.6999
2,261.1106,231.4666,231466.5999
2,261.2101,231.5661,231566.0999
2,261.3147,231.6707,231670.6999
2,261.3177,231.6737,231673.6999
2,261.5321,231.8881,231888.0999
2,261.5531,231.9091,231909.0999
2,261.6142,231.9702,231970.1999
2,261.6663,232.0223,232022.2999
2,261.7818,232.1378,232137.7999
2,261.7858,232.1418,232141.7999
2,262.5402,232.8962,232896.1999
2,263.3997,233.7557,233755.6999
2,263.8096,234.1656,234165.5999
2,264.2389,234.5949,234594.8999
2,264.9882,235.3442,235344.1999
2,265.0000,235.3560,235355.9999
2,265.2673,235.6233,235623.2999
2,266.2735,236.6295,236629.4999
2,268.9945,239.3505,239350.4999
2,269.1735,239.5295,239529.4999
2,270.3096,240.6656,240665.5999
2,273.3398,243.6958,243695.7999
2,274.4834,244.8394,244839.3999
2,276.4836,246.8396,246839.5999
2,276.4864,246.8424,246842.3999
2,276.5190,246.8750,246874.9999
2,277.4899,247.8459,247845.8999
2,279.0912,249.4472,249447.1999
2,279.2931,249.6491,249649.0999
2,279.5782,249.9342,249934.1999
2,279.6285,249.9845,249984.4999
2,279.6866,250.0426,250042.5999
2,280.1980,250.5540,250553.9999
2,281.0674,251.4234,251423.3999
2,281.1851,251.5411,251541.0999
2,281.2222,251.5782,251578.1999
2,284.0704,254.4264,254426.3999
2,284.4606,254.8166,254816.5999
2,285.1637,255.5197,255519.6999
2,285.2434,255.5994,255599.3999
2,285.8266,256.1826,256182.5999
2,286.0365,256.3925,256392.4999
2,286.0465,256.4025,256402.4999
2,286.1494,256.5054,256505.3999
2,286.2313,256.5873,256587.2999
2,288.8245,259.1805,259180.4999
2,288.8425,259.1985,259198.4999
2,289.5426,259.8986,259898.5999
2,289.6157,259.9717,259971.6999
2,289.8109,260.1669,260166.8999
2,291.1770,261.5330,261532.9999
2,293.1774,263.5334,263533.3999
2,293.4276,263.7836,263783.5999
2,293.9769,264.3329,264332.8999
2,295.4529,265.8089,265808.8999
2,295.8043,266.1603,266160.2999
2,296.1255,266.4815,266481.4999
2,296.4943,266.8503,266850.2999
2,296.6577,267.0137,267013.6999
2,297.2648,267.6208,267620.7999
2,298.0887,268.4447,268444.6999
2,298.4068,268.7628,268762.7999
2,298.7832,269.1392,269139.1999
2,299.1869,269.5429,269542.8999
2,301.1476,271.5036,271503.5999
2,301.4923,271.8483,271848.2999
2,302.2721,272.6281,272628.0999
2,302.4257,272.7817,272781.6999
2,303.2054,273.5614,273561.3999
2,304.2741,274.6301,274630.0999
2,308.7436,279.0996,279099.5999
2,309.7633,280.1193,280119.2999
2,309.9669,280.3229,280322.8999
2,310.8149,281.1709,281170.8999
2,310.8794,281.2354,281235.3999
2,310.9588,281.3148,281314.7999
2,310.9642,281.3202,281320.1999
2,312.8968,283.2528,283252.7999
2,314.7952,285.1512,285151.1999
2,319.3197,289.6757,289675.6999
2,319.6762,290.0322,290032.1999
2,319.8199,290.1759,290175.8999
2,319.8870,290.2430,290242.9999
2,319.8945,290.2505,290250.4999
2,320.5238,290.8798,290879.7999
2,320.5279,290.8839,290883.8999
2,320.8933,291.2493,291249.2999
2,321.1034,291.4594,291459.3999
2,321.1130,291.4690,291468.9999
2,321.1522,291.5082,291508.1999
2,321.1589,291.5149,291514.8999
2,321.1625,291.5185,291518.4999
2,321.5082,291.8642,291864.1999
2,321.7095,292.0655,292065.4999
2,322.2377,292.5937,292593.6999
2,323.2183,293.5743,293574.2999
2,324.8235,295.1795,295179.4999
2,324.8477,295.2037,295203.6999
2,325.4162,295.7722,295772.1999
2,325.7857,296.1417,296141.6999
2,326.0614,296.4174,296417.3999
2,326.1189,296.4749,296474.8999
2,326.2553,296.6113,296611.2999
2,326.3135,296.6695,296669.4999
2,326.4433,296.7993,296799.2999
2,328.0972,298.4532,298453.1999
2,337.1153,307.4713,307471.2999
2,338.1015,308.4575,308457.4999
2,338.1253,308.4813,308481.2999
2,341.1692,311.5252,311525.1999
2,343.4195,313.7755,313775.4999
2,343.9121,314.2681,314268.0999
2,344.4389,314.7949,314794.8999
2,344.4522,314.8082,314808.1999
2,344.4677,314.8237,314823.6999
2,344.6099,314.9659,314965.8999
2,344.6579,315.0139,315013.8999
2,344.6632,315.0192,315019.1999
2,344.6712,315.0272,315027.1999
2,344.8603,315.2163,315216.2999
2,344.8738,315.2298,315229.7999
2,344.8968,315.2528,315252.7999
2,344.9035,315.2595,315259.4999
2,344.9638,315.3198,315319.7999
2,345.0504,315.4064,315406.3999
2,345.0945,315.4505,315450.4999
2,345.9919,316.3479,316347.8999
2,346.2059,316.5619,316561.8999
2,346.2087,316.5647,316564.6999
2,346.4050,316.7610,316760.9999
2,346.4223,316.7783,316778.2999
2,347.6965,318.0525,318052.4999
2,347.7667,318.1227,318122.6999
2,347.8020,318.1580,318157.9999
2,348.0874,318.4434,318443.3999
2,348.9694,319.3254,319325.3999
2,349.1198,319.4758,319475.7999
2,350.6319,320.9879,320987.8999
2,350.6371,320.9931,320993.0999
2,350.7132,321.0692,321069.1999
2,350.7709,321.1269,321126.8999
2,350.7747,321.1307,321130.6999
2,350.7966,321.1526,321152.5999
2,350.9113,321.2673,321267.2999
2,351.0909,321.4469,321446.8999
2,351.1025,321.4585,321458.4999
2,351.1392,321.4952,321495.1999
2,351.2442,321.6002,321600.1999
2,351.2535,321.6095,321609.4999
2,351.3368,321.6928,321692.7999
2,351.9003,322.2563,322256.2999
2,351.9185,322.2745,322274.4999
2,352.0869,322.4429,322442.8999
2,352.0995,322.4555,322455.4999
2,352.2109,322.5669,322566.8999
2,353.0482,323.4042,323404.1999
2,353.0612,323.4172,323417.1999
2,353.1375,323.4935,323493.4999
2,354.6477,325.0037,325003.6999
2,355.0374,325.3934,325393.3999
2,355.0978,325.4538,325453.7999
2,355.1516,325.5076,325507.5999
2,355.6478,326.0038,326003.7999
2,356.3843,326.7403,326740.2999
2,356.8328,327.1888,327188.7999
2,357.1130,327.4690,327468.9999
2,357.1418,327.4978,327497.7999
2,357.2167,327.5727,327572.6999
2,357.2353,327.5913,327591.2999
2,357.2853,327.6413,327641.2999
2,357.3534,327.7094,327709.3999
2,357.7832,328.1392,328139.1999
2,358.0327,328.3887,328388.6999
2,358.6772,329.0332,329033.1999
2,358.6927,329.0487,329048.6999
2,359.1326,329.4886,329488.5999
2,359.3174,329.6734,329673.3999
2,359.3976,329.7536,329753.5999
2,359.6809,330.0369,330036.8999
2,359.6982,330.0542,330054.1999
2,360.1534,330.5094,330509.3999
2,360.3191,330.6751,330675.0999
2,360.4299,330.7859,330785.8999
2,360.8361,331.1921,331192.0999
2,361.6153,331.9713,331971.2999
2,361.7572,332.1132,332113.1999
2,361.8060,332.1620,332161.9999
2,362.0109,332.3669,332366.8999
2,362.0260,332.3820,332381.9999
2,362.7183,333.0743,333074.2999
2,362.7509,333.1069,333106.8999
2,363.7839,334.1399,334139.8999
2,363.8822,334.2382,334238.1999
2,364.1009,334.4569,334456.8999
2,365.1987,335.5547,335554.6999
2,365.5226,335.8786,335878.5999
2,366.1002,336.4562,336456.1999
2,367.7639,338.1199,338119.8999
2,367.7728,338.1288,338128.7999
2,368.8191,339.1751,339175.0999
2,368.9936,339.3496,339349.5999
2,369.2995,339.6555,339655.4999
2,369.3334,339.6894,339689.3999
2,369.6176,339.9736,339973.5999
2,370.2665,340.6225,340622.4999
2,370.5018,340.8578,340857.7999
2,371.3357,341.6917,341691.6999
2,371.3739,341.7299,341729.8999
2,371.7733,342.1293,342129.2999
2,371.8029,342.1589,342158.8999
2,372.5158,342.8718,342871.7999
2,372.9933,343.3493,343349.2999
2,373.0279,343.3839,343383.8999
2,373.7734,344.1294,344129.3999
2,373.8998,344.2558,344255.7999
2,373.9488,344.3048,344304.7999
2,373.9855,344.3415,344341.4999
2,376.2936,346.6496,346649.5999
2,376.5683,346.9243,346924.2999
2,376.5844,346.9404,346940.3999
2,376.6347,346.9907,346990.6999
2,376.6383,346.9943,346994.2999
2,376.6894,347.0454,347045.3999
2,376.8380,347.1940,347193.9999
2,376.8535,347.2095,347209.4999
2,377.3386,347.6946,347694.5999
2,377.6349,347.9909,347990.8999
2,377.7223,348.0783,348078.2999
2,378.5265,348.8825,348882.4999
2,379.1148,349.4708,349470.7999
2,379.2028,349.5588,349558.7999
2,379.2641,349.6201,349620.0999
2,379.3866,349.7426,349742.5999
2,379.3903,349.7463,349746.2999
2,379.4095,349.7655,349765.4999
2,379.4225,349.7785,349778.4999
2,379.5737,349.9297,349929.6999
2,379.9062,350.2622,350262.1999
2,381.3131,351.6691,351669.0999
2,381.3192,351.6752,351675.1999
2,382.4575,352.8135,352813.4999
2,382.9502,353.3062,353306.1999
2,382.9821,353.3381,353338.0999
2,383.9210,354.2770,354276.9999
2,383.9488,354.3048,354304.7999
2,384.5817,354.9377,354937.6999
2,384.7103,355.0663,355066.2999
2,384.7430,355.0990,355098.9999
2,386.6034,356.9594,356959.3999
2,387.6518,358.0078,358007.7999
2,390.4093,360.7653,360765.2999
2,391.4656,361.8216,361821.5999
2,391.5651,361.9211,361921.0999
2,391.8932,362.2492,362249.1999
2,391.9030,362.2590,362258.9999
2,392.8925,363.2485,363248.4999
2,393.2735,363.6295,363629.4999
2,393.2943,363.6503,363650.2999
2,393.3090,363.6650,363664.9999
2,395.1908,365.5468,365546.7999
2,395.1949,365.5509,365550.8999
2,395.2473,365.6033,365603.2999
2,395.5052,365.8612,365861.1999
2,395.5592,365.9152,365915.1999
2,395.6432,365.9992,365999.1999
2,397.7892,368.1452,368145.1999
2,403.2672,373.6232,373623.1999
2,404.2416,374.5976,374597.5999
2,404.2500,374.6060,374605.9999
2,404.2583,374.6143,374614.2999
2,404.3016,374.6576,374657.5999
2,404.3056,374.6616,374661.5999
2,404.3845,374.7405,374740.4999
2,404.4077,374.7637,374763.6999
2,404.4684,374.8244,374824.3999
2,404.9592,375.3152,375315.1999
2,405.1139,375.4699,375469.8999
2,405.5000,375.8560,375855.9999
2,408.3986,378.7546,378754.5999
2,408.8243,379.1803,379180.2999
2,408.8862,379.2422,379242.1999
2,408.9432,379.2992,379299.1999
2,410.3716,380.7276,380727.5999
2,411.8102,382.1662,382166.1999
2,411.8994,382.2554,382255.3999
2,412.2581,382.6141,382614.0999
2,412.3467,382.7027,382702.6999
2,413.0607,383.4167,383416.6999
2,413.3784,383.7344,383734.3999
2,414.0381,384.3941,384394.0999
2,414.0451,384.4011,384401.0999
2,414.0485,384.4045,384404.4999
2,414.4538,384.8098,384809.7999
2,416.5694,386.9254,386925.3999
2,418.7300,389.0860,389085.9999
2,418.9101,389.2661,389266.0999
2,419.3948,389.7508,389750.7999
2,421.8657,392.2217,392221.6999
2,421.9785,392.3345,392334.4999
2,421.9836,392.3396,392339.5999
2,423.4941,393.8501,393850.0999
2,424.2234,394.5794,394579.3999
2,424.5572,394.9132,394913.1999
2,424.7311,395.0871,395087.0999
2,424.8090,395.1650,395164.9999
2,425.0862,395.4422,395442.1999
2,425.1300,395.4860,395485.9999
2,425.3358,395.6918,395691.7999
2,425.6844,396.0404,396040.3999
2,427.0760,397.4320,397431.9999
2,428.3032,398.6592,398659.1999
2,428.4785,398.8345,398834.4999
2,428.4885,398.8445,398844.4999
2,428.4950,398.8510,398850.9999
2,428.7116,399.0676,399067.5999
2,430.3677,400.7237,400723.6999
2,431.2870,401.6430,401642.9999
2,431.6696,402.0256,402025.5999
2,431.6890,402.0450,402044.9999
2,432.8894,403.2454,403245.3999
2,432.9984,403.3544,403354.3999
2,433.0078,403.3638,403363.7999
2,433.1264,403.4824,403482.3999
2,436.4766,406.8326,406832.5999
2,438.8958,409.2518,409251.7999
2,438.9440,409.3000,409299.9999
2,438.9579,409.3139,409313.8999
2,439.0146,409.3706,409370.5999
2,439.1150,409.4710,409470.9999
2,439.4087,409.7647,409764.6999
2,439.4905,409.8465,409846.4999
2,439.6326,409.9886,409988.5999
2,439.7242,410.0802,410080.1999
2,440.1633,410.5193,410519.2999
2,440.2834,410.6394,410639.3999
2,440.3609,410.7169,410716.8999
2,440.6794,411.0354,411035.3999
2,440.6824,411.0384,411038.3999
2,443.9867,414.3427,414342.6999
2,444.0562,414.4122,414412.1999
2,444.0584,414.4144,414414.3999
2,444.4610,414.8170,414816.9999
2,444.5914,414.9474,414947.3999
2,445.2453,415.6013,415601.2999
2,445.3133,415.6693,415669.2999
2,445.3172,415.6732,415673.1999
2,445.5513,415.9073,415907.2999
2,446.9257,417.2817,417281.6999
2,447.6753,418.0313,418031.2999
2,447.7413,418.0973,418097.2999
2,448.0066,418.3626,418362.5999
2,448.0774,418.4334,418433.3999
2,448.2632,418.6192,418619.1999
2,450.3218,420.6778,420677.7999
2,450.3429,420.6989,420698.8999
2,450.8537,421.2097,421209.6999
2,450.8890,421.2450,421244.9999
2,450.9208,421.2768,421276.7999
2,451.1367,421.4927,421492.6999
2,451.2158,421.5718,421571.7999
2,452.1474,422.5034,422503.3999
2,452.1687,422.5247,422524.6999
2,452.2313,422.5873,422587.2999
2,452.9218,423.2778,423277.7999
2,453.2731,423.6291,423629.0999
2,453.2764,423.6324,423632.3999
2,455.9868,426.3428,426342.7999
2,457.6486,428.0046,428004.5999
2,458.9903,429.3463,429346.2999
2,459.4831,429.8391,429839.0999
2,459.5072,429.8632,429863.1999
2,459.7447,430.1007,430100.6999
2,460.3387,430.6947,430694.6999
2,460.4337,430.7897,430789.6999
2,460.5901,430.9461,430946.0999
2,460.6001,430.9561,430956.0999
2,460.7192,431.0752,431075.1999
2,460.8398,431.1958,431195.7999
2,460.8470,431.2030,431202.9999
2,460.8687,431.2247,431224.6999
2,460.9987,431.3547,431354.6999
2,461.1096,431.4656,431465.5999
2,461.2073,431.5633,431563.2999
2,461.9658,432.3218,432321.7999
2,462.2309,432.5869,432586.8999
2,462.6179,432.9739,432973.8999
2,463.0097,433.3657,433365.6999
2,463.1123,433.4683,433468.2999
2,464.2735,434.6295,434629.4999
2,464.2831,434.6391,434639.0999
2,464.3001,434.6561,434656.0999
2,464.3547,434.7107,434710.6999
2,464.4768,434.8328,434832.7999
2,465.7724,436.1284,436128.3999
2,466.3495,436.7055,436705.4999
2,466.7207,437.0767,437076.6999
2,469.5927,439.9487,439948.6999
2,469.5982,439.9542,439954.1999
2,470.8653,441.2213,441221.2999
2,470.8817,441.2377,441237.6999
2,470.9435,441.2995,441299.4999
2,471.4160,441.7720,441771.9999
2,472.3111,442.6671,442667.0999
2,472.7779,443.1339,443133.8999
2,473.6820,444.0380,444037.9999
2,474.9204,445.2764,445276.3999
2,474.9676,445.3236,445323.5999
2,475.4739,445.8299,445829.8999
2,477.8402,448.1962,448196.1999
2,478.0424,448.3984,448398.3999
2,478.0463,448.4023,448402.2999
2,479.5455,449.9015,449901.4999
2,479.6575,450.0135,450013.4999
2,479.7825,450.1385,450138.4999
2,479.9556,450.3116,450311.5999
2,480.4778,450.8338,450833.7999
2,480.5314,450.8874,450887.3999
2,480.8072,451.1632,451163.1999
2,480.9168,451.2728,451272.7999
2,480.9685,451.3245,451324.4999
2,480.9763,451.3323,451332.2999
2,480.9874,451.3434,451343.3999
2,482.1742,452.5302,452530.1999
2,482.5291,452.8851,452885.0999
2,482.5360,452.8920,452891.9999
2,483.1501,453.5061,453506.0999
2,483.5241,453.8801,453880.0999
2,483.5268,453.8828,453882.7999
2,483.7689,454.1249,454124.8999
2,483.8273,454.1833,454183.2999
2,483.9322,454.2882,454288.1999
2,484.0660,454.4220,454421.9999
2,484.1691,454.5251,454525.0999
2,484.7624,455.1184,455118.3999
2,484.8935,455.2495,455249.4999
2,485.0807,455.4367,455436.6999
2,485.4293,455.7853,455785.2999
2,488.1505,458.5065,458506.4999
2,488.2639,458.6199,458619.8999
2,488.2887,458.6447,458644.6999
2,488.4718,458.8278,458827.7999
2,490.0638,460.4198,460419.7999
2,490.1142,460.4702,460470.1999
2,491.4075,461.7635,461763.4999
2,491.4938,461.8498,461849.7999
2,491.4969,461.8529,461852.8999
2,491.5002,461.8562,461856.1999
2,491.8665,462.2225,462222.4999
2,491.8807,462.2367,462236.6999
2,492.0481,462.4041,462404.0999
2,492.5441,462.9001,462900.0999
2,492.5581,462.9141,462914.0999
2,493.2382,463.5942,463594.1999
2,493.6540,464.0100,464009.9999
2,493.7957,464.1517,464151.6999
2,495.4321,465.7881,465788.0999
2,495.4906,465.8466,465846.5999
2,495.7002,466.0562,466056.1999
2,498.0544,468.4104,468410.3999
2,498.4167,468.7727,468772.6999
2,499.3284,469.6844,469684.3999
2,499.3326,469.6886,469688.5999
2,499.3725,469.7285,469728.4999
2,499.4366,469.7926,469792.5999
2,499.5251,469.8811,469881.0999
2,499.5622,469.9182,469918.1999
2,500.1425,470.4985,470498.4999
2,502.0446,472.4006,472400.5999
2,502.0524,472.4084,472408.3999
2,505.7910,476.1470,476146.9999
2,505.7962,476.1522,476152.1999
2,506.0471,476.4031,476403.0999
2,506.1015,476.4575,476457.4999
2,506.2857,476.6417,476641.6999
2,506.5135,476.8695,476869.4999
2,507.7540,478.1100,478109.9999
2,508.6763,479.0323,479032.2999
2,508.9595,479.3155,479315.4999
2,509.0225,479.3785,479378.4999
2,509.3776,479.7336,479733.5999
2,509.3834,479.7394,479739.3999
2,510.1367,480.4927,480492.6999
2,510.4462,480.8022,480802.1999
2,510.6094,480.9654,480965.3999
2,510.7365,481.0925,481092.4999
2,510.8093,481.1653,481165.2999
2,511.2757,481.6317,481631.6999
2,511.3513,481.7073,481707.2999
2,511.7968,482.1528,482152.7999
2,511.9270,482.2830,482282.9999
2,511.9765,482.3325,482332.4999
2,512.0530,482.4090,482408.9999
2,512.2270,482.5830,482582.9999
2,512.6131,482.9691,482969.0999
2,512.6891,483.0451,483045.0999
2,513.1940,483.5500,483549.9999
2,513.1987,483.5547,483554.6999
2,513.5317,483.8877,483887.6999
2,516.7787,487.1347,487134.6999
2,516.8125,487.1685,487168.4999
2,516.8539,487.2099,487209.8999
2,516.8961,487.2521,487252.0999
2,517.8078,488.1638,488163.7999
2,517.8214,488.1774,488177.3999
2,517.8435,488.1995,488199.4999
2,517.8518,488.2078,488207.7999
2,517.9479,488.3039,488303.8999
2,519.8437,490.1997,490199.6999
2,521.3496,491.7056,491705.5999
2,521.3858,491.7418,491741.7999
2,521.7403,492.0963,492096.2999
2,522.5178,492.8738,492873.7999
2,522.5465,492.9025,492902.4999
2,522.5985,492.9545,492954.4999
2,523.3193,493.6753,493675.2999
2,523.4459,493.8019,493801.8999
2,523.7448,494.1008,494100.7999
2,524.3185,494.6745,494674.4999
2,526.1813,496.5373,496537.2999
2,526.6617,497.0177,497017.6999
2,526.7160,497.0720,497071.9999
2,526.7504,497.1064,497106.3999
2,527.4494,497.8054,497805.3999
2,528.0568,498.4128,498412.7999
2,528.6353,498.9913,498991.2999
2,528.6644,499.0204,499020.3999
2,533.1268,503.4828,503482.7999
2,533.4919,503.8479,503847.8999
2,533.6830,504.0390,504038.9999
2,534.9810,505.3370,505336.9999
2,536.0502,506.4062,506406.1999
2,536.9769,507.3329,507332.8999
2,539.1114,509.4674,509467.3999
2,539.8545,510.2105,510210.4999
2,540.0142,510.3702,510370.1999
2,540.4707,510.8267,510826.6999
2,540.7586,511.1146,511114.5999
2,541.4880,511.8440,511843.9999
2,542.5794,512.9354,512935.3999
2,542.6801,513.0361,513036.0999
2,542.8151,513.1711,513171.0999
2,542.9227,513.2787,513278.6999
2,543.3140,513.6700,513669.9999
2,543.3232,513.6792,513679.1999
2,546.6903,517.0463,517046.2999
2,547.2049,517.5609,517560.8999
2,547.3630,517.7190,517718.9999
2,547.5948,517.9508,517950.7999
2,548.1765,518.5325,518532.4999
2,554.2732,524.6292,524629.1999
2,554.5977,524.9537,524953.6999
2,556.3636,526.7196,526719.5999
2,556.4482,526.8042,526804.1999
2,556.4857,526.8417,526841.6999
2,556.5029,526.8589,526858.8999
2,556.9023,527.2583,527258.2999
2,560.4836,530.8396,530839.5999
2,561.8586,532.2146,532214.5999
2,564.0481,534.4041,534404.0999
2,564.7481,535.1041,535104.0999
2,564.7554,535.1114,535111.3999
2,565.1084,535.4644,535464.3999
2,567.7600,538.1160,538115.9999
2,569.8330,540.1890,540188.9999
2,569.8359,540.1919,540191.8999
2,569.8436,540.1996,540199.5999
2,569.8500,540.2060,540205.9999
2,569.8568,540.2128,540212.7999
2,569.9022,540.2582,540258.1999
2,569.9117,540.2677,540267.6999
2,570.0056,540.3616,540361.5999
2,570.0374,540.3934,540393.3999
2,571.2790,541.6350,541634.9999
2,571.5090,541.8650,541864.9999
2,572.0935,542.4495,542449.4999
2,572.5366,542.8926,542892.5999
2,572.5474,542.9034,542903.3999
2,572.8388,543.1948,543194.7999
2,575.2005,545.5565,545556.4999
2,576.3585,546.7145,546714.4999
2,578.3199,548.6759,548675.8999
2,579.4987,549.8547,549854.6999
2,580.9622,551.3182,551318.1999
2,581.0626,551.4186,551418.5999
2,581.3118,551.6678,551667.7999
2,583.3784,553.7344,553734.3999
2,584.7736,555.1296,555129.5999
2,584.7856,555.1416,555141.5999
2,584.8693,555.2253,555225.2999
2,584.8810,555.2370,555236.9999
2,584.9088,555.2648,555264.7999
2,584.9762,555.3322,555332.1999
2,584.9961,555.3521,555352.0999
2,585.0269,555.3829,555382.8999
2,586.0931,556.4491,556449.0999
2,587.0953,557.4513,557451.2999
2,589.6368,559.9928,559992.7999
2,591.1289,561.4849,561484.8999
2,591.2172,561.5732,561573.1999
2,592.7421,563.0981,563098.0999
2,594.0319,564.3879,564387.8999
2,594.0899,564.4459,564445.8999
2,594.4544,564.8104,564810.3999
2,594.5330,564.8890,564888.9999
2,594.8658,565.2218,565221.7999
2,594.8948,565.2508,565250.7999
2,594.9498,565.3058,565305.7999
2,594.9834,565.3394,565339.3999
2,595.3074,565.6634,565663.3999
2,597.1171,567.4731,567473.0999
2,597.1274,567.4834,567483.3999
2,597.2110,567.5670,567566.9999
2,597.2139,567.5699,567569.8999
2,597.3296,567.6856,567685.5999
2,597.7168,568.0728,568072.7999
2,598.5367,568.8927,568892.6999
2,600.1247,570.4807,570480.6999
2,600.3253,570.6813,570681.2999
2,600.7520,571.1080,571107.9999
2,601.0255,571.3815,571381.4999
2,601.2415,571.5975,571597.4999
2,602.2564,572.6124,572612.3999
2,602.2870,572.6430,572642.9999
2,603.4766,573.8326,573832.5999
2,604.8041,575.1601,575160.0999
2,605.2929,575.6489,575648.8999
2,609.2699,579.6259,579625.8999
2,610.9693,581.3253,581325.2999
2,612.0904,582.4464,582446.3999
2,612.4487,582.8047,582804.6999
2,614.3720,584.7280,584727.9999
2,614.3890,584.7450,584744.9999
2,614.8518,585.2078,585207.7999
2,614.9168,585.2728,585272.7999
2,616.0017,586.3577,586357.6999
2,619.4585,589.8145,589814.4999
2,619.5112,589.8672,589867.1999
2,624.0105,594.3665,594366.4999
2,624.1522,594.5082,594508.1999
2,624.3116,594.6676,594667.5999
2,624.4639,594.8199,594819.8999
2,624.8014,595.1574,595157.3999
2,624.8827,595.2387,595238.6999
2,625.1659,595.5219,595521.8999
2,627.3397,597.6957,597695.6999
2,627.4242,597.7802,597780.1999
2,627.9177,598.2737,598273.6999
2,627.9526,598.3086,598308.5999
2,628.0282,598.3842,598384.1999
2,628.1511,598.5071,598507.0999
2,628.2022,598.5582,598558.1999
2,628.2637,598.6197,598619.6999
2,628.9248,599.2808,599280.7999
2,629.2911,599.6471,599647.0999
2,630.0897,600.4457,600445.6999
2,631.5741,601.9301,601930.0999
2,633.1072,603.4632,603463.1999
2,634.7059,605.0619,605061.8999
2,636.2883,606.6443,606644.2999
2,636.3168,606.6728,606672.7999
2,636.5805,606.9365,606936.4999
2,636.6061,606.9621,606962.0999
2,637.1037,607.4597,607459.6999
2,637.1353,607.4913,607491.2999
2,637.4741,607.8301,607830.0999
2,638.6825,609.0385,609038.4999
2,638.8985,609.2545,609254.4999
2,639.2175,609.5735,609573.4999
2,641.5585,611.9145,611914.4999
2,641.5955,611.9515,611951.4999
2,641.6115,611.9675,611967.4999
2,641.7984,612.1544,612154.3999
2,642.0426,612.3986,612398.5999
2,645.9208,616.2768,616276.7999
2,645.9716,616.3276,616327.5999
2,646.0966,616.4526,616452.5999
2,646.1503,616.5063,616506.2999
2,646.2524,616.6084,616608.3999
2,649.3859,619.7419,619741.8999
2,651.1184,621.4744,621474.3999
2,652.5439,622.8999,622899.8999
2,652.8300,623.1860,623185.9999
2,653.4640,623.8200,623819.9999
2,655.1676,625.5236,625523.5999
2,657.9242,628.2802,628280.1999
2,657.9843,628.3403,628340.2999
2,658.0082,628.3642,628364.1999
2,658.0782,628.4342,628434.1999
2,658.6306,628.9866,628986.5999
2,659.6715,630.0275,630027.4999
2,661.8454,632.2014,632201.3999
2,661.9364,632.2924,632292.3999
2,665.0374,635.3934,635393.3999
2,665.0400,635.3960,635395.9999
2,665.1269,635.4829,635482.8999
2,665.1474,635.5034,635503.3999
2,665.2415,635.5975,635597.4999
2,665.5991,635.9551,635955.0999
2,666.4609,636.8169,636816.8999
2,666.6748,637.0308,637030.7999
2,667.3400,637.6960,637695.9999
2,667.6293,637.9853,637985.2999
2,669.0147,639.3707,639370.6999
2,669.1679,639.5239,639523.8999
2,669.5194,639.8754,639875.3999
2,669.5392,639.8952,639895.1999
2,669.5450,639.9010,639900.9999
2,669.5479,639.9039,639903.8999
2,669.5879,639.9439,639943.8999
2,669.6200,639.9760,639975.9999
2,669.6552,640.0112,640011.1999
2,669.6757,640.0317,640031.6999
2,669.9193,640.2753,640275.2999
2,670.2952,640.6512,640651.1999
2,671.1667,641.5227,641522.6999
2,671.3871,641.7431,641743.0999
2,671.9831,642.3391,642339.0999
2,673.8501,644.2061,644206.0999
2,673.8556,644.2116,644211.5999
2,673.8650,644.2210,644220.9999
2,673.9349,644.2909,644290.8999
2,674.1262,644.4822,644482.1999
2,674.3513,644.7073,644707.2999
2,675.1661,645.5221,645522.0999
2,675.5966,645.9526,645952.5999
2,675.6472,646.0032,646003.1999
2,675.7220,646.0780,646077.9999
2,676.4242,646.7802,646780.1999
2,676.4311,646.7871,646787.0999
2,678.4802,648.8362,648836.1999
2,678.5368,648.8928,648892.7999
2,679.1908,649.5468,649546.7999
2,679.2007,649.5567,649556.6999
2,679.6490,650.0050,650004.9999
2,679.8774,650.2334,650233.3999
2,679.9788,650.3348,650334.7999
2,680.0153,650.3713,650371.2999
2,680.1450,650.5010,650500.9999
2,680.1967,650.5527,650552.6999
2,680.2035,650.5595,650559.4999
2,680.2443,650.6003,650600.2999
2,680.8514,651.2074,651207.3999
2,680.8542,651.2102,651210.1999
2,681.0659,651.4219,651421.8999
2,681.1755,651.5315,651531.4999
2,681.6849,652.0409,652040.8999
2,681.7058,652.0618,652061.7999
2,681.8724,652.2284,652228.3999
2,682.4164,652.7724,652772.3999
2,682.8021,653.1581,653158.0999
2,682.8898,653.2458,653245.7999
2,683.1107,653.4667,653466.6999
2,683.1925,653.5485,653548.4999
2,686.0997,656.4557,656455.6999
2,687.1066,657.4626,657462.5999
2,687.4990,657.8550,657854.9999
2,687.8525,658.2085,658208.4999
2,688.3019,658.6579,658657.8999
2,688.3109,658.6669,658666.8999
2,688.8377,659.1937,659193.6999
2,688.8766,659.2326,659232.5999
2,688.9598,659.3158,659315.7999
2,689.1028,659.4588,659458.7999
2,689.1049,659.4609,659460.8999
2,689.4155,659.7715,659771.4999
2,689.4182,659.7742,659774.1999
2,689.4673,659.8233,659823.2999
2,689.8683,660.2243,660224.2999
2,691.3563,661.7123,661712.2999
2,691.3772,661.7332,661733.1999
2,691.4850,661.8410,661840.9999
2,691.6804,662.0364,662036.3999
2,692.5816,662.9376,662937.5999
2,693.6535,664.0095,664009.4999
2,695.7108,666.0668,666066.7999
2,695.7343,666.0903,666090.2999
2,695.7384,666.0944,666094.3999
2,695.9106,666.2666,666266.5999
2,696.0928,666.4488,666448.7999
2,696.1024,666.4584,666458.3999
2,696.4880,666.8440,666843.9999
2,697.7401,668.0961,668096.0999
2,698.5402,668.8962,668896.1999
2,698.5542,668.9102,668910.1999
2,699.9808,670.3368,670336.7999
2,700.0298,670.3858,670385.7999
2,700.0798,670.4358,670435.7999
2,700.1120,670.4680,670467.9999
2,700.1751,670.5311,670531.0999
2,700.2944,670.6504,670650.3999
2,701.8381,672.1941,672194.0999
2,701.9142,672.2702,672270.1999
2,701.9745,672.3305,672330.4999
2,701.9857,672.3417,672341.6999
2,702.1860,672.5420,672541.9999
2,704.0155,674.3715,674371.4999
2,704.8927,675.2487,675248.6999
2,704.9073,675.2633,675263.2999
2,705.2947,675.6507,675650.6999
2,705.3533,675.7093,675709.2999
2,705.3893,675.7453,675745.2999
2,705.9267,676.2827,676282.6999
2,706.2035,676.5595,676559.4999
2,707.7201,678.0761,678076.0999
2,707.8172,678.1732,678173.1999
2,707.8666,678.2226,678222.5999
2,708.0327,678.3887,678388.6999
2,710.7230,681.0790,681078.9999
2,711.9736,682.3296,682329.5999
2,711.9905,682.3465,682346.4999
2,712.0588,682.4148,682414.7999
2,712.0655,682.4215,682421.4999
2,712.2139,682.5699,682569.8999
2,712.2461,682.6021,682602.0999
2,713.3086,683.6646,683664.5999
2,713.3421,683.6981,683698.0999
2,713.4659,683.8219,683821.8999
2,714.2409,684.5969,684596.8999
2,714.3918,684.7478,684747.7999
2,715.8745,686.2305,686230.4999
2,715.9104,686.2664,686266.3999
2,715.9259,686.2819,686281.8999
2,716.1201,686.4761,686476.0999
2,717.1010,687.4570,687456.9999
2,717.2945,687.6505,687650.4999
2,717.3265,687.6825,687682.4999
2,717.5820,687.9380,687937.9999
2,717.5916,687.9476,687947.5999
2,717.6703,688.0263,688026.2999
2,718.3201,688.6761,688676.0999
2,718.5876,688.9436,688943.5999
2,718.7676,689.1236,689123.5999
2,719.2676,689.6236,689623.5999
2,719.3268,689.6828,689682.7999
2,719.6310,689.9870,689986.9999
2,719.6530,690.0090,690008.9999
2,719.7175,690.0735,690073.4999
2,719.8164,690.1724,690172.3999
2,720.0003,690.3563,690356.2999
2,720.1783,690.5343,690534.2999
2,722.7645,693.1205,693120.4999
2,722.7696,693.1256,693125.5999
2,722.8803,693.2363,693236.2999
2,722.9661,693.3221,693322.0999
2,727.1752,697.5312,697531.1999
2,728.4941,698.8501,698850.0999
2,729.0121,699.3681,699368.0999
2,729.1191,699.4751,699475.0999
2,729.1506,699.5066,699506.5999
2,729.3131,699.6691,699669.0999
2,729.3858,699.7418,699741.7999
2,729.5413,699.8973,699897.2999
2,730.1758,700.5318,700531.7999
2,732.4440,702.8000,702799.9999
2,736.0575,706.4135,706413.4999
2,738.0655,708.4215,708421.4999
2,738.1286,708.4846,708484.5999
2,740.7036,711.0596,711059.5999
2,741.5957,711.9517,711951.6999
2,742.4026,712.7586,712758.5999
2,742.5530,712.9090,712908.9999
2,742.8020,713.1580,713157.9999
2,742.8876,713.2436,713243.5999
2,743.1759,713.5319,713531.8999
2,744.2776,714.6336,714633.5999
2,744.3587,714.7147,714714.6999
2,747.8028,718.1588,718158.7999
2,748.8880,719.2440,719243.9999
2,749.5126,719.8686,719868.5999
2,749.5477,719.9037,719903.6999
2,750.0276,720.3836,720383.5999
2,750.3550,720.7110,720710.9999
2,750.5870,720.9430,720942.9999
2,750.5938,720.9498,720949.7999
2,751.3654,721.7214,721721.3999
2,752.1584,722.5144,722514.3999
2,752.3644,722.7204,722720.3999
2,752.9531,723.3091,723309.0999
2,753.3106,723.6666,723666.5999
2,753.6156,723.9716,723971.5999
2,753.8187,724.1747,724174.6999
2,754.0675,724.4235,724423.4999
2,754.0992,724.4552,724455.1999
2,754.4180,724.7740,724773.9999
2,754.4752,724.8312,724831.1999
2,754.5065,724.8625,724862.4999
2,754.7758,725.1318,725131.7999
2,755.5330,725.8890,725888.9999
2,757.2928,727.6488,727648.7999
2,758.0127,728.3687,728368.6999
2,758.5639,728.9199,728919.8999
2,759.8829,730.2389,730238.8999
2,759.9805,730.3365,730336.4999
2,761.1190,731.4750,731474.9999
2,763.2446,733.6006,733600.5999
2,764.8964,735.2524,735252.3999
2,766.2167,736.5727,736572.6999
2,766.6716,737.0276,737027.5999
2,766.6861,737.0421,737042.0999
2,769.2921,739.6481,739648.0999
2,769.3156,739.6716,739671.5999
2,769.3436,739.6996,739699.5999
2,769.5804,739.9364,739936.3999
2,769.6013,739.9573,739957.2999
2,771.9120,742.2680,742267.9999
2,772.1437,742.4997,742499.6999
2,772.1617,742.5177,742517.6999
2,772.2104,742.5664,742566.3999
2,772.2529,742.6089,742608.8999
2,772.2763,742.6323,742632.2999
2,773.0597,743.4157,743415.6999
2,773.6863,744.0423,744042.2999
2,774.9568,745.3128,745312.7999
2,775.5318,745.8878,745887.7999
2,776.5477,746.9037,746903.6999
2,782.6983,753.0543,753054.2999
2,783.0347,753.3907,753390.6999
2,783.3888,753.7448,753744.7999
2,784.9792,755.3352,755335.1999
2,785.9161,756.2721,756272.0999
2,786.2229,756.5789,756578.8999
2,786.5764,756.9324,756932.3999
2,786.7903,757.1463,757146.2999
2,786.9502,757.3062,757306.1999
2,786.9599,757.3159,757315.8999
2,787.1114,757.4674,757467.3999
2,787.6205,757.9765,757976.4999
2,788.7833,759.1393,759139.2999
2,788.9187,759.2747,759274.6999
2,788.9793,759.3353,759335.2999
2,788.9864,759.3424,759342.3999
2,789.0236,759.3796,759379.5999
2,789.1575,759.5135,759513.4999
2,789.4623,759.8183,759818.2999
2,789.7624,760.1184,760118.3999
2,790.7697,761.1257,761125.6999
2,790.9642,761.3202,761320.1999
2,791.0054,761.3614,761361.3999
2,791.0154,761.3714,761371.3999
2,791.0187,761.3747,761374.6999
2,791.8083,762.1643,762164.2999
2,791.9658,762.3218,762321.7999
2,791.9757,762.3317,762331.6999
2,791.9908,762.3468,762346.7999
2,794.0040,764.3600,764359.9999
2,794.0518,764.4078,764407.7999
2,794.1548,764.5108,764510.7999
2,794.1947,764.5507,764550.6999
2,794.2457,764.6017,764601.6999
2,794.3308,764.6868,764686.7999
2,794.5278,764.8838,764883.7999
2,794.5774,764.9334,764933.3999
2,794.5906,764.9466,764946.5999
2,794.6134,764.9694,764969.3999
2,794.9134,765.2694,765269.3999
2,795.5922,765.9482,765948.1999
2,795.8882,766.2442,766244.1999
2,798.6150,768.9710,768970.9999
2,798.9363,769.2923,769292.2999
2,800.1132,770.4692,770469.1999
2,800.2483,770.6043,770604.2999
2,800.3086,770.6646,770664.5999
2,800.3624,770.7184,770718.3999
2,800.4051,770.7611,770761.0999
2,800.5061,770.8621,770862.0999
2,800.9246,771.2806,771280.5999
2,801.6077,771.9637,771963.6999
2,802.0066,772.3626,772362.5999
2,802.0375,772.3935,772393.4999
2,802.1625,772.5185,772518.4999
2,804.7039,775.0599,775059.8999
2,804.7334,775.0894,775089.3999
2,806.2591,776.6151,776615.0999
2,808.6034,778.9594,778959.3999
2,808.6686,779.0246,779024.5999
2,808.7658,779.1218,779121.7999
2,809.9497,780.3057,780305.6999
2,810.7170,781.0730,781072.9999
2,810.8047,781.1607,781160.6999
2,813.3868,783.7428,783742.7999
2,813.4338,783.7898,783789.7999
2,813.5448,783.9008,783900.7999
2,814.4142,784.7702,784770.1999
2,814.4377,784.7937,784793.6999
2,815.6070,785.9630,785962.9999
2,815.7343,786.0903,786090.2999
2,816.3767,786.7327,786732.6999
2,816.4079,786.7639,786763.8999
2,816.7271,787.0831,787083.0999
2,817.9171,788.2731,788273.0999
2,818.4109,788.7669,788766.8999
2,818.5146,788.8706,788870.5999
2,818.5971,788.9531,788953.0999
2,818.6620,789.0180,789017.9999
2,818.9948,789.3508,789350.7999
2,819.0009,789.3569,789356.8999
2,819.2735,789.6295,789629.4999
2,819.6555,790.0115,790011.4999
2,819.6626,790.0186,790018.5999
2,819.6660,790.0220,790021.9999
2,819.9944,790.3504,790350.3999
2,820.0617,790.4177,790417.6999
2,821.3077,791.6637,791663.6999
2,822.2271,792.5831,792583.0999
2,822.9715,793.3275,793327.4999
2,823.7187,794.0747,794074.6999
2,823.8105,794.1665,794166.4999
2,824.0845,794.4405,794440.4999
2,824.5240,794.8800,794879.9999
2,824.7429,795.0989,795098.8999
2,825.7546,796.1106,796110.5999
2,826.1602,796.5162,796516.1999
2,826.2292,796.5852,796585.1999
2,828.9064,799.2624,799262.3999
2,829.3418,799.6978,799697.7999
2,829.8330,800.1890,800188.9999
2,832.2200,802.5760,802575.9999
2,832.2296,802.5856,802585.5999
2,832.4256,802.7816,802781.5999
2,834.5529,804.9089,804908.8999
2,834.5795,804.9355,804935.4999
2,835.6927,806.0487,806048.6999
2,837.5351,807.8911,807891.0999
2,839.7738,810.1298,810129.7999
2,842.3464,812.7024,812702.3999
2,842.3675,812.7235,812723.4999
2,843.1572,813.5132,813513.1999
2,846.2078,816.5638,816563.7999
2,846.3847,816.7407,816740.6999
2,846.5078,816.8638,816863.7999
2,847.0033,817.3593,817359.2999
2,847.0185,817.3745,817374.4999
2,847.0723,817.4283,817428.2999
2,847.2091,817.5651,817565.0999
2,847.4223,817.7783,817778.2999
2,847.7895,818.1455,818145.4999
2,848.4165,818.7725,818772.4999
2,848.4643,818.8203,818820.2999
2,848.4729,818.8289,818828.8999
2,848.4896,818.8456,818845.5999
2,848.4925,818.8485,818848.4999
2,848.9487,819.3047,819304.6999
2,848.9534,819.3094,819309.3999
2,849.0721,819.4281,819428.0999
2,849.0769,819.4329,819432.8999
2,849.2575,819.6135,819613.4999
2,850.0212,820.3772,820377.1999
2,850.0310,820.3870,820386.9999
2,853.2184,823.5744,823574.3999
2,853.4146,823.7706,823770.5999
2,853.5558,823.9118,823911.7999
2,853.8410,824.1970,824196.9999
2,854.4561,824.8121,824812.0999
2,857.2368,827.5928,827592.7999
2,857.2425,827.5985,827598.4999
2,857.2642,827.6202,827620.1999
2,857.5689,827.9249,827924.8999
2,857.5719,827.9279,827927.8999
2,857.6512,828.0072,828007.1999
2,860.1407,830.4967,830496.6999
2,860.2737,830.6297,830629.6999
2,860.3591,830.7151,830715.0999
2,861.1739,831.5299,831529.8999
2,861.3185,831.6745,831674.4999
2,861.5067,831.8627,831862.6999
2,861.5214,831.8774,831877.3999
2,864.1911,834.5471,834547.0999
2,864.2429,834.5989,834598.8999
2,864.4444,834.8004,834800.3999
2,864.4915,834.8475,834847.4999
2,865.5074,835.8634,835863.3999
2,865.6134,835.9694,835969.3999
2,865.7560,836.1120,836111.9999
2,866.7643,837.1203,837120.2999
2,867.0327,837.3887,837388.6999
2,867.8402,838.1962,838196.1999
2,868.3809,838.7369,838736.8999
2,868.4769,838.8329,838832.8999
2,868.5088,838.8648,838864.7999
2,869.6790,840.0350,840034.9999
2,869.6852,840.0412,840041.1999
2,870.3224,840.6784,840678.3999
2,871.2821,841.6381,841638.0999
2,871.3056,841.6616,841661.5999
2,871.3208,841.6768,841676.7999
2,875.6113,845.9673,845967.2999
2,876.8961,847.2521,847252.0999
2,877.1927,847.5487,847548.6999
2,877.3001,847.6561,847656.0999
2,877.4210,847.7770,847776.9999
2,877.5088,847.8648,847864.7999
2,877.9949,848.3509,848350.8999
2,878.0081,848.3641,848364.0999
2,880.1246,850.4806,850480.5999
2,882.4801,852.8361,852836.0999
2,883.9795,854.3355,854335.4999
2,884.0525,854.4085,854408.4999
2,884.0755,854.4315,854431.4999
2,884.1320,854.4880,854487.9999
2,884.6632,855.0192,855019.1999
2,884.7058,855.0618,855061.7999
2,884.7534,855.1094,855109.3999
2,884.9853,855.3413,855341.2999
2,886.9166,857.2726,857272.5999
2,889.6234,859.9794,859979.3999
2,889.9405,860.2965,860296.4999
2,890.7330,861.0890,861088.9999
2,892.1368,862.4928,862492.7999
2,892.8666,863.2226,863222.5999
2,893.0841,863.4401,863440.0999
2,894.6149,864.9709,864970.8999
2,894.6634,865.0194,865019.3999
2,894.8544,865.2104,865210.3999
2,894.8736,865.2296,865229.5999
2,895.3220,865.6780,865677.9999
2,896.1175,866.4735,866473.4999
2,896.1207,866.4767,866476.6999
2,897.8536,868.2096,868209.5999
2,898.1522,868.5082,868508.1999
2,900.1960,870.5520,870551.9999
2,901.0432,871.3992,871399.1999
2,901.0457,871.4017,871401.6999
2,901.2464,871.6024,871602.3999
2,901.3640,871.7200,871719.9999
2,901.8954,872.2514,872251.3999
2,901.9297,872.2857,872285.6999
2,901.9590,872.3150,872314.9999
2,904.8590,875.2150,875214.9999
2,905.4894,875.8454,875845.3999
2,905.6752,876.0312,876031.1999
2,906.3741,876.7301,876730.0999
2,906.4542,876.8102,876810.1999
2,906.5239,876.8799,876879.8999
2,906.7716,877.1276,877127.5999
2,907.1498,877.5058,877505.7999
2,907.1908,877.5468,877546.7999
2,907.2064,877.5624,877562.3999
2,908.2187,878.5747,878574.6999
2,908.4852,878.8412,878841.1999
2,908.5246,878.8806,878880.5999
2,909.4467,879.8027,879802.6999
2,909.7291,880.0851,880085.0999
2,910.0082,880.3642,880364.1999
2,910.2803,880.6363,880636.2999
2,910.7294,881.0854,881085.3999
2,911.7992,882.1552,882155.1999
2,912.6316,882.9876,882987.5999
2,913.4329,883.7889,883788.8999
2,913.4781,883.8341,883834.0999
2,914.1134,884.4694,884469.3999
2,914.4627,884.8187,884818.6999
2,915.9845,886.3405,886340.4999
2,916.5277,886.8837,886883.6999
2,917.2811,887.6371,887637.0999
2,918.4654,888.8214,888821.3999
2,918.6779,889.0339,889033.8999
2,919.3299,889.6859,889685.8999
2,921.1118,891.4678,891467.7999
2,921.7289,892.0849,892084.8999
2,921.9166,892.2726,892272.5999
2,923.4998,893.8558,893855.7999
2,924.7842,895.1402,895140.1999
2,925.5666,895.9226,895922.5999
2,925.7945,896.1505,896150.4999
2,925.9655,896.3215,896321.4999
2,927.6522,898.0082,898008.1999
2,929.0661,899.4221,899422.0999
2,931.2264,901.5824,901582.3999
2,932.2130,902.5690,902568.9999
2,932.8866,903.2426,903242.5999
2,933.1276,903.4836,903483.5999
2,933.5779,903.9339,903933.8999
2,933.8225,904.1785,904178.4999
2,933.8663,904.2223,904222.2999
2,933.9243,904.2803,904280.2999
2,933.9768,904.3328,904332.7999
2,935.5285,905.8845,905884.4999
2,935.5685,905.9245,905924.4999
2,935.5904,905.9464,905946.3999
2,935.5982,905.9542,905954.1999
2,935.7656,906.1216,906121.5999
2,936.0627,906.4187,906418.6999
2,936.3224,906.6784,906678.3999
2,936.5090,906.8650,906864.9999
2,936.7590,907.1150,907114.9999
2,937.7549,908.1109,908110.8999
2,937.8542,908.2102,908210.1999
2,937.8571,908.2131,908213.0999
2,937.9926,908.3486,908348.5999
2,938.0905,908.4465,908446.4999
2,938.3733,908.7293,908729.2999
2,938.5265,908.8825,908882.4999
2,939.1978,909.5538,909553.7999
2,939.2472,909.6032,909603.1999
2,939.2639,909.6199,909619.8999
2,939.2731,909.6291,909629.0999
2,939.3048,909.6608,909660.7999
2,940.3612,910.7172,910717.1999
2,940.8564,911.2124,911212.3999
2,940.9385,911.2945,911294.4999
2,940.9418,911.2978,911297.7999
2,941.2487,911.6047,911604.6999
2,941.3887,911.7447,911744.6999
2,941.4576,911.8136,911813.5999
2,941.4599,911.8159,911815.8999
2,941.5228,911.8788,911878.7999
2,941.5397,911.8957,911895.6999
2,941.5484,911.9044,911904.3999
2,941.5695,911.9255,911925.4999
2,941.5752,911.9312,911931.1999
2,941.7027,912.0587,912058.6999
2,941.7763,912.1323,912132.2999
2,941.7831,912.1391,912139.0999
2,942.0860,912.4420,912441.9999
2,942.4077,912.7637,912763.6999
2,942.6475,913.0035,913003.4999
2,942.7102,913.0662,913066.1999
2,943.1228,913.4788,913478.7999
2,943.1558,913.5118,913511.7999
2,943.1638,913.5198,913519.7999
2,943.4266,913.7826,913782.5999
2,943.6507,914.0067,914006.6999
2,943.8992,914.2552,914255.1999
2,944.1334,914.4894,914489.3999
2,944.4167,914.7727,914772.6999
2,944.4255,914.7815,914781.4999
2,944.4343,914.7903,914790.2999
2,944.5670,914.9230,914922.9999
2,947.1065,917.4625,917462.4999
2,947.1412,917.4972,917497.1999
2,947.5818,917.9378,917937.7999
2,947.6163,917.9723,917972.2999
2,947.6907,918.0467,918046.6999
2,948.1147,918.4707,918470.6999
2,948.1986,918.5546,918554.5999
2,948.9303,919.2863,919286.2999
2,950.8144,921.1704,921170.3999
2,951.0789,921.4349,921434.8999
2,952.5201,922.8761,922876.0999
2,952.5433,922.8993,922899.2999
2,953.3289,923.6849,923684.8999
2,956.3102,926.6662,926666.1999
2,956.3473,926.7033,926703.2999
2,956.3557,926.7117,926711.6999
2,956.3649,926.7209,926720.8999
2,956.5617,926.9177,926917.6999
2,957.2511,927.6071,927607.0999
2,958.5072,928.8632,928863.1999
2,958.6601,929.0161,929016.0999
2,958.9641,929.3201,929320.0999
2,958.9664,929.3224,929322.3999
2,959.1313,929.4873,929487.2999
2,959.2250,929.5810,929580.9999
2,959.3856,929.7416,929741.5999
2,959.6423,929.9983,929998.2999
2,959.6952,930.0512,930051.1999
2,959.6981,930.0541,930054.0999
2,959.8164,930.1724,930172.3999
2,960.0540,930.4100,930409.9999
2,960.0679,930.4239,930423.8999
2,960.0960,930.4520,930451.9999
2,960.1156,930.4716,930471.5999
2,960.1189,930.4749,930474.8999
2,960.2359,930.5919,930591.8999
2,960.4441,930.8001,930800.0999
2,960.4867,930.8427,930842.6999
2,961.0617,931.4177,931417.6999
2,961.6408,931.9968,931996.7999
2,961.6765,932.0325,932032.4999
2,961.7339,932.0899,932089.8999
2,961.7633,932.1193,932119.2999
2,962.9644,933.3204,933320.3999
2,963.2844,933.6404,933640.3999
2,963.6853,934.0413,934041.2999
2,963.7762,934.1322,934132.1999
2,963.8226,934.1786,934178.5999
2,963.9070,934.2630,934262.9999
2,964.4868,934.8428,934842.7999
2,964.7935,935.1495,935149.4999
2,965.2492,935.6052,935605.1999
2,965.2958,935.6518,935651.7999
2,965.3417,935.6977,935697.6999
2,965.5437,935.8997,935899.6999
2,965.5506,935.9066,935906.5999
2,967.2722,937.6282,937628.1999
2,967.3245,937.6805,937680.4999
2,967.3325,937.6885,937688.4999
2,967.6933,938.0493,938049.2999
2,968.4484,938.8044,938804.3999
2,968.5052,938.8612,938861.1999
2,968.8232,939.1792,939179.1999
2,968.9018,939.2578,939257.7999
2,969.3570,939.7130,939712.9999
2,969.6220,939.9780,939977.9999
2,969.9031,940.2591,940259.0999
2,969.9059,940.2619,940261.8999
2,970.6882,941.0442,941044.1999
2,972.3820,942.7380,942737.9999
2,972.8819,943.2379,943237.8999
2,972.9737,943.3297,943329.6999
2,973.5501,943.9061,943906.0999
2,973.8084,944.1644,944164.3999
2,973.9564,944.3124,944312.3999
2,974.5760,944.9320,944931.9999
2,975.2323,945.5883,945588.2999
2,975.4942,945.8502,945850.1999
2,977.3807,947.7367,947736.6999
2,977.4043,947.7603,947760.2999
2,979.7516,950.1076,950107.5999
2,981.3899,951.7459,951745.8999
2,982.9594,953.3154,953315.3999
2,983.4896,953.8456,953845.5999
2,983.6386,953.9946,953994.5999
2,984.1249,954.4809,954480.8999
2,984.3448,954.7008,954700.7999
2,985.1112,955.4672,955467.1999
2,987.1023,957.4583,957458.2999
2,987.1585,957.5145,957514.4999
2,987.1909,957.5469,957546.8999
2,987.5274,957.8834,957883.3999
2,987.6636,958.0196,958019.5999
2,987.7387,958.0947,958094.6999
2,987.7573,958.1133,958113.2999
2,987.7641,958.1201,958120.0999
2,988.0213,958.3773,958377.2999
2,988.0364,958.3924,958392.3999
2,988.1117,958.4677,958467.6999
2,988.4790,958.8350,958834.9999
2,989.0100,959.3660,959365.9999
2,989.0148,959.3708,959370.7999
2,989.0992,959.4552,959455.1999
2,989.1084,959.4644,959464.3999
2,989.5505,959.9065,959906.4999
2,990.5081,960.8641,960864.0999
2,993.2216,963.5776,963577.5999
2,994.1004,964.4564,964456.3999
2,998.7007,969.0567,969056.6999
2,998.9818,969.3378,969337.7999
2,999.1895,969.5455,969545.4999
2,999.3159,969.6719,969671.8999
2,1000.3302,970.6862,970686.1999
2,1000.7025,971.0585,971058.4999
2,1000.7162,971.0722,971072.1999
2,1000.8139,971.1699,971169.8999
2,1000.8484,971.2044,971204.3999
2,1000.8523,971.2083,971208.2999
2,1000.9441,971.3001,971300.0999
2,1000.9536,971.3096,971309.5999
2,1001.0026,971.3586,971358.5999
2,1002.0376,972.3936,972393.5999
2,1002.1599,972.5159,972515.8999
2,1005.3729,975.7289,975728.8999
2,1006.9601,977.3161,977316.0999
2,1007.0209,977.3769,977376.8999
2,1007.1315,977.4875,977487.4999
2,1007.5581,977.9141,977914.0999
2,1008.2754,978.6314,978631.3999
2,1008.3175,978.6735,978673.4999
2,1008.4141,978.7701,978770.0999
2,1008.5274,978.8834,978883.3999
2,1009.5640,979.9200,979919.9999
2,1009.9126,980.2686,980268.5999
2,1012.3140,982.6700,982669.9999
2,1012.5553,982.9113,982911.2999
2,1012.6444,983.0004,983000.3999
2,1013.3667,983.7227,983722.6999
2,1013.5133,983.8693,983869.2999
2,1013.8781,984.2341,984234.0999
2,1014.4727,984.8287,984828.6999
2,1015.3944,985.7504,985750.3999
2,1015.8089,986.1649,986164.8999
2,1016.1996,986.5556,986555.5999
2,1016.2789,986.6349,986634.8999
2,1016.4059,986.7619,986761.8999
2,1016.6086,986.9646,986964.5999
2,1019.0815,989.4375,989437.4999
2,1019.7286,990.0846,990084.5999
2,1023.5951,993.9511,993951.0999
2,1023.5998,993.9558,993955.7999
2,1027.6049,997.9609,997960.8999
2,1027.6291,997.9851,997985.0999
2,1027.6500,998.0060,998005.9999
2,1029.4780,999.8340,999833.9999
2,1029.7075,1000.0635,1000063.4999
2,1029.7215,1000.0775,1000077.4999
2,1030.5908,1000.9468,1000946.7999
2,1030.6369,1000.9929,1000992.8999
2,1030.7561,1001.1121,1001112.0999
2,1030.7735,1001.1295,1001129.4999
2,1030.7960,1001.1520,1001151.9999
2,1031.0881,1001.4441,1001444.0999
2,1031.1478,1001.5038,1001503.7999
2,1031.1963,1001.5523,1001552.2999
2,1031.7039,1002.0599,1002059.8999
2,1032.2919,1002.6479,1002647.8999
2,1033.0081,1003.3641,1003364.0999
2,1033.1941,1003.5501,1003550.0999
2,1034.7345,1005.0905,1005090.4999
2,1034.8708,1005.2268,1005226.7999
2,1035.1179,1005.4739,1005473.8999
2,1035.2109,1005.5669,1005566.8999
2,1035.2401,1005.5961,1005596.0999
2,1035.3808,1005.7368,1005736.7999
2,1035.3862,1005.7422,1005742.1999
2,1037.9541,1008.3101,1008310.0999
2,1038.2397,1008.5957,1008595.6999
2,1038.4453,1008.8013,1008801.2999
2,1038.8130,1009.1690,1009168.9999
2,1040.7242,1011.0802,1011080.1999
2,1041.3868,1011.7428,1011742.7999
2,1042.0484,1012.4044,1012404.3999
2,1044.0151,1014.3711,1014371.0999
2,1044.1227,1014.4787,1014478.6999
2,1044.2246,1014.5806,1014580.5999
2,1044.2317,1014.5877,1014587.6999
2,1044.2697,1014.6257,1014625.6999
2,1044.5059,1014.8619,1014861.8999
2,1044.5314,1014.8874,1014887.3999
2,1044.5487,1014.9047,1014904.6999
2,1044.5547,1014.9107,1014910.6999
2,1044.5686,1014.9246,1014924.5999
2,1044.9567,1015.3127,1015312.6999
2,1044.9661,1015.3221,1015322.0999
2,1045.0054,1015.3614,1015361.3999
2,1045.1676,1015.5236,1015523.5999
2,1045.2436,1015.5996,1015599.5999
2,1045.3357,1015.6917,1015691.6999
2,1045.9127,1016.2687,1016268.6999
2,1046.1139,1016.4699,1016469.8999
2,1046.9701,1017.3261,1017326.0999
2,1047.6616,1018.0176,1018017.5999
2,1049.7249,1020.0809,1020080.8999
2,1050.0478,1020.4038,1020403.7999
2,1050.1027,1020.4587,1020458.6999
2,1050.2135,1020.5695,1020569.4999
2,1050.6102,1020.9662,1020966.1999
2,1050.6281,1020.9841,1020984.0999
2,1050.6539,1021.0099,1021009.8999
2,1050.8700,1021.2260,1021225.9999
2,1051.0086,1021.3646,1021364.5999
2,1051.3332,1021.6892,1021689.1999
2,1051.3655,1021.7215,1021721.4999
2,1051.4841,1021.8401,1021840.0999
2,1051.9394,1022.2954,1022295.3999
2,1051.9427,1022.2987,1022298.6999
2,1051.9452,1022.3012,1022301.1999
2,1053.4540,1023.8100,1023809.9999
2,1054.5223,1024.8783,1024878.2999
2,1054.5648,1024.9208,1024920.7999
2,1054.5910,1024.9470,1024946.9999
2,1056.5227,1026.8787,1026878.6999
2,1056.6584,1027.0144,1027014.3999
2,1056.8090,1027.1650,1027164.9999
2,1056.8241,1027.1801,1027180.0999
2,1059.6430,1029.9990,1029998.9999
2,1059.9697,1030.3257,1030325.6999
2,1060.9082,1031.2642,1031264.1999
2,1061.0680,1031.4240,1031423.9999
2,1061.1412,1031.4972,1031497.1999
2,1061.1696,1031.5256,1031525.5999
2,1061.2007,1031.5567,1031556.6999
2,1061.2354,1031.5914,1031591.3999
2,1061.3568,1031.7128,1031712.7999
2,1061.3952,1031.7512,1031751.1999
2,1064.6218,1034.9778,1034977.7999
2,1064.8864,1035.2424,1035242.3999
2,1067.6062,1037.9622,1037962.1999
2,1067.6435,1037.9995,1037999.4999
2,1067.7669,1038.1229,1038122.8999
2,1067.7842,1038.1402,1038140.1999
2,1067.8713,1038.2273,1038227.2999
2,1069.0582,1039.4142,1039414.1999
2,1070.5332,1040.8892,1040889.1999
2,1070.7379,1041.0939,1041093.8999
2,1070.7514,1041.1074,1041107.3999
2,1070.7850,1041.1410,1041140.9999
2,1070.7954,1041.1514,1041151.3999
2,1070.8279,1041.1839,1041183.8999
2,1071.8529,1042.2089,1042208.8999
2,1071.9401,1042.2961,1042296.0999
2,1072.2324,1042.5884,1042588.3999
2,1072.4312,1042.7872,1042787.1999
2,1072.7884,1043.1444,1043144.3999
2,1072.8235,1043.1795,1043179.4999
2,1073.1121,1043.4681,1043468.0999
2,1074.0925,1044.4485,1044448.4999
2,1074.0961,1044.4521,1044452.0999
2,1074.4484,1044.8044,1044804.3999
2,1075.7970,1046.1530,1046152.9999
2,1075.8897,1046.2457,1046245.6999
2,1075.8988,1046.2548,1046254.7999
2,1076.8033,1047.1593,1047159.2999
2,1077.7744,1048.1304,1048130.3999
2,1077.8871,1048.2431,1048243.0999
2,1078.3632,1048.7192,1048719.1999
2,1078.4111,1048.7671,1048767.0999
2,1078.4777,1048.8337,1048833.6999
2,1079.0836,1049.4396,1049439.5999
2,1079.2769,1049.6329,1049632.8999
2,1079.2984,1049.6544,1049654.3999
2,1081.1248,1051.4808,1051480.7999
2,1081.2199,1051.5759,1051575.8999
2,1083.3047,1053.6607,1053660.6999
2,1083.3466,1053.7026,1053702.5999
2,1083.3542,1053.7102,1053710.1999
2,1083.3829,1053.7389,1053738.8999
2,1083.4452,1053.8012,1053801.1999
2,1085.1921,1055.5481,1055548.0999
2,1085.7787,1056.1347,1056134.6999
2,1085.9388,1056.2948,1056294.7999
2,1086.0899,1056.4459,1056445.8999
2,1086.1943,1056.5503,1056550.2999
2,1088.6928,1059.0488,1059048.7999
2,1089.2428,1059.5988,1059598.7999
2,1089.3169,1059.6729,1059672.8999
2,1090.9497,1061.3057,1061305.6999
2,1092.2447,1062.6007,1062600.6999
2,1092.3243,1062.6803,1062680.2999
2,1092.5495,1062.9055,1062905.4999
2,1093.5967,1063.9527,1063952.6999
2,1093.7993,1064.1553,1064155.2999
2,1094.1191,1064.4751,1064475.0999
2,1094.3256,1064.6816,1064681.5999
2,1094.3682,1064.7242,1064724.1999
2,1094.3890,1064.7450,1064744.9999
2,1094.4384,1064.7944,1064794.3999
2,1094.5601,1064.9161,1064916.0999
2,1094.6166,1064.9726,1064972.5999
2,1097.4979,1067.8539,1067853.8999
2,1097.6302,1067.9862,1067986.1999
2,1097.6341,1067.9901,1067990.0999
2,1097.6456,1068.0016,1068001.5999
2,1097.7184,1068.0744,1068074.3999
2,1097.7872,1068.1432,1068143.1999
2,1097.9445,1068.3005,1068300.4999
2,1098.6556,1069.0116,1069011.5999
2,1098.8701,1069.2261,1069226.0999
2,1099.2138,1069.5698,1069569.7999
2,1100.3876,1070.7436,1070743.5999
2,1100.4002,1070.7562,1070756.1999
2,1100.4445,1070.8005,1070800.4999
2,1100.4747,1070.8307,1070830.6999
2,1100.4865,1070.8425,1070842.4999
2,1100.5967,1070.9527,1070952.6999
2,1101.0824,1071.4384,1071438.3999
2,1101.2753,1071.6313,1071631.2999
2,1101.5107,1071.8667,1071866.6999
2,1101.7116,1072.0676,1072067.5999
2,1102.0545,1072.4105,1072410.4999
2,1102.1476,1072.5036,1072503.5999
2,1102.1923,1072.5483,1072548.2999
2,1102.2470,1072.6030,1072602.9999
2,1103.0676,1073.4236,1073423.5999
2,1104.6798,1075.0358,1075035.7999
2,1105.2219,1075.5779,1075577.8999
2,1105.9064,1076.2624,1076262.3999
2,1105.9518,1076.3078,1076307.7999
2,1105.9589,1076.3149,1076314.8999
2,1106.0125,1076.3685,1076368.4999
2,1106.6868,1077.0428,1077042.7999
2,1106.7106,1077.0666,1077066.5999
2,1106.7460,1077.1020,1077101.9999
2,1109.5354,1079.8914,1079891.3999
2,1110.2664,1080.6224,1080622.3999
2,1111.0670,1081.4230,1081422.9999
2,1111.1479,1081.5039,1081503.8999
2,1111.6516,1082.0076,1082007.5999
2,1112.0995,1082.4555,1082455.4999
2,1112.7681,1083.1241,1083124.0999
2,1112.8675,1083.2235,1083223.4999
2,1112.8826,1083.2386,1083238.5999
2,1112.9056,1083.2616,1083261.5999
2,1112.9758,1083.3318,1083331.7999
2,1113.0012,1083.3572,1083357.1999
2,1113.0088,1083.3648,1083364.7999
2,1113.9592,1084.3152,1084315.1999
2,1116.5144,1086.8704,1086870.3999
2,1117.1940,1087.5500,1087549.9999
2,1117.9983,1088.3543,1088354.2999
2,1118.1467,1088.5027,1088502.6999
2,1119.3860,1089.7420,1089741.9999
2,1119.5223,1089.8783,1089878.2999
2,1120.2124,1090.5684,1090568.3999
2,1121.2976,1091.6536,1091653.5999
2,1121.4554,1091.8114,1091811.3999
2,1121.4944,1091.8504,1091850.3999
2,1121.5421,1091.8981,1091898.0999
2,1122.2937,1092.6497,1092649.6999
2,1122.4930,1092.8490,1092848.9999
2,1122.8977,1093.2537,1093253.6999
2,1123.7592,1094.1152,1094115.1999
2,1123.8023,1094.1583,1094158.2999
2,1124.0366,1094.3926,1094392.5999
2,1124.0644,1094.4204,1094420.3999
2,1124.4565,1094.8125,1094812.4999
2,1125.1104,1095.4664,1095466.3999
2,1125.1925,1095.5485,1095548.4999
2,1125.2019,1095.5579,1095557.8999
2,1125.2249,1095.5809,1095580.8999
2,1126.3161,1096.6721,1096672.0999
2,1126.4106,1096.7666,1096766.5999
2,1126.4773,1096.8333,1096833.2999
2,1126.5411,1096.8971,1096897.0999
2,1126.5743,1096.9303,1096930.2999
2,1126.6585,1097.0145,1097014.4999
2,1129.1995,1099.5555,1099555.4999
2,1129.6556,1100.0116,1100011.5999
2,1130.9512,1101.3072,1101307.1999
2,1131.1525,1101.5085,1101508.4999
2,1131.1771,1101.5331,1101533.0999
2,1131.4004,1101.7564,1101756.3999
2,1131.4127,1101.7687,1101768.6999
2,1131.9221,1102.2781,1102278.0999
2,1132.0797,1102.4357,1102435.6999
2,1132.1264,1102.4824,1102482.3999
2,1132.1627,1102.5187,1102518.6999
2,1133.0877,1103.4437,1103443.6999
2,1133.1386,1103.4946,1103494.5999
2,1135.0839,1105.4399,1105439.8999
2,1135.9430,1106.2990,1106298.9999
2,1136.2709,1106.6269,1106626.8999
2,1136.4635,1106.8195,1106819.4999
2,1136.9827,1107.3387,1107338.6999
2,1137.4491,1107.8051,1107805.0999
2,1137.7122,1108.0682,1108068.1999
2,1137.7313,1108.0873,1108087.2999
2,1137.7624,1108.1184,1108118.3999
2,1137.7679,1108.1239,1108123.8999
2,1138.2134,1108.5694,1108569.3999
2,1138.7037,1109.0597,1109059.6999
2,1139.2999,1109.6559,1109655.8999
2,1139.6934,1110.0494,1110049.3999
2,1139.8373,1110.1933,1110193.2999
2,1139.8639,1110.2199,1110219.8999
2,1139.8696,1110.2256,1110225.5999
2,1139.9071,1110.2631,1110263.0999
2,1139.9281,1110.2841,1110284.0999
2,1140.0374,1110.3934,1110393.3999
2,1140.0766,1110.4326,1110432.5999
2,1140.3685,1110.7245,1110724.4999
2,1144.5570,1114.9130,1114912.9999
2,1146.8620,1117.2180,1117217.9999
2,1146.8656,1117.2216,1117221.5999
2,1146.8927,1117.2487,1117248.6999
2,1146.9055,1117.2615,1117261.4999
2,1146.9129,1117.2689,1117268.8999
2,1147.5532,1117.9092,1117909.1999
2,1147.5649,1117.9209,1117920.8999
2,1148.1777,1118.5337,1118533.6999
2,1148.2029,1118.5589,1118558.8999
2,1149.8322,1120.1882,1120188.1999
2,1149.8347,1120.1907,1120190.6999
2,1149.8383,1120.1943,1120194.2999
2,1149.9013,1120.2573,1120257.2999
2,1150.1564,1120.5124,1120512.3999
2,1150.1598,1120.5158,1120515.7999
2,1150.4257,1120.7817,1120781.6999
2,1151.0917,1121.4477,1121447.6999
2,1151.1617,1121.5177,1121517.6999
2,1151.8157,1122.1717,1122171.6999
2,1152.6469,1123.0029,1123002.8999
2,1152.8693,1123.2253,1123225.2999
2,1152.9659,1123.3219,1123321.8999
2,1154.1039,1124.4599,1124459.8999
2,1154.2369,1124.5929,1124592.8999
2,1157.3282,1127.6842,1127684.1999
2,1157.4085,1127.7645,1127764.4999
2,1157.5427,1127.8987,1127898.6999
2,1157.6324,1127.9884,1127988.3999
2,1157.8061,1128.1621,1128162.0999
2,1158.2657,1128.6217,1128621.6999
2,1158.2726,1128.6286,1128628.5999
2,1158.5010,1128.8570,1128856.9999
2,1159.6443,1130.0003,1130000.2999
2,1159.6602,1130.0162,1130016.1999
2,1159.7404,1130.0964,1130096.3999
2,1160.4043,1130.7603,1130760.2999
2,1160.6884,1131.0444,1131044.3999
2,1160.9725,1131.3285,1131328.4999
2,1161.6416,1131.9976,1131997.5999
2,1162.0144,1132.3704,1132370.3999
2,1162.0596,1132.4156,1132415.5999
2,1162.0678,1132.4238,1132423.7999
2,1162.1271,1132.4831,1132483.0999
2,1162.5501,1132.9061,1132906.0999
2,1162.5677,1132.9237,1132923.6999
2,1163.0795,1133.4355,1133435.4999
2,1165.7516,1136.1076,1136107.5999
2,1165.8234,1136.1794,1136179.3999
2,1165.8629,1136.2189,1136218.8999
2,1166.1542,1136.5102,1136510.1999
2,1166.2232,1136.5792,1136579.1999
2,1166.2559,1136.6119,1136611.8999
2,1168.2679,1138.6239,1138623.8999
2,1169.8347,1140.1907,1140190.6999
2,1169.8909,1140.2469,1140246.8999
2,1169.9036,1140.2596,1140259.5999
2,1169.9291,1140.2851,1140285.0999
2,1169.9671,1140.3231,1140323.0999
2,1170.2839,1140.6399,1140639.8999
2,1170.4926,1140.8486,1140848.5999
2,1170.6764,1141.0324,1141032.3999
2,1170.6812,1141.0372,1141037.1999
2,1171.9809,1142.3369,1142336.8999
2,1172.0318,1142.3878,1142387.7999
2,1172.1618,1142.5178,1142517.7999
2,1172.4033,1142.7593,1142759.2999
2,1172.4804,1142.8364,1142836.3999
2,1172.6594,1143.0154,1143015.3999
2,1172.8999,1143.2559,1143255.8999
2,1173.2226,1143.5786,1143578.5999
2,1173.2786,1143.6346,1143634.5999
2,1174.5189,1144.8749,1144874.8999
2,1174.6873,1145.0433,1145043.2999
2,1176.2884,1146.6444,1146644.3999
2,1177.2491,1147.6051,1147605.0999
2,1179.9033,1150.2593,1150259.2999
2,1180.3026,1150.6586,1150658.5999
2,1180.4840,1150.8400,1150839.9999
2,1180.5409,1150.8969,1150896.8999
2,1183.5625,1153.9185,1153918.4999
2,1183.8470,1154.2030,1154202.9999
2,1184.6518,1155.0078,1155007.7999
2,1186.9024,1157.2584,1157258.3999
2,1187.1433,1157.4993,1157499.2999
2,1187.1726,1157.5286,1157528.5999
2,1187.2226,1157.5786,1157578.5999
2,1187.3058,1157.6618,1157661.7999
2,1187.3108,1157.6668,1157666.7999
2,1187.3584,1157.7144,1157714.3999
2,1187.3845,1157.7405,1157740.4999
2,1188.4035,1158.7595,1158759.4999
2,1188.5081,1158.8641,1158864.0999
2,1188.8711,1159.2271,1159227.0999
2,1189.0756,1159.4316,1159431.5999
2,1189.3824,1159.7384,1159738.3999
2,1189.9253,1160.2813,1160281.2999
2,1189.9356,1160.2916,1160291.5999
2,1190.1558,1160.5118,1160511.7999
2,1192.1487,1162.5047,1162504.6999
2,1192.2402,1162.5962,1162596.1999
2,1192.5599,1162.9159,1162915.8999
2,1193.5675,1163.9235,1163923.4999
2,1194.7314,1165.0874,1165087.3999
2,1194.9111,1165.2671,1165267.0999
2,1198.4455,1168.8015,1168801.4999
2,1199.1272,1169.4832,1169483.1999
2,1202.5167,1172.8727,1172872.6999
2,1202.5625,1172.9185,1172918.4999
2,1203.0839,1173.4399,1173439.8999
2,1203.8226,1174.1786,1174178.5999
2,1204.0053,1174.3613,1174361.2999
2,1205.4440,1175.8000,1175799.9999
2,1206.4708,1176.8268,1176826.7999
2,1206.4782,1176.8342,1176834.1999
2,1206.4908,1176.8468,1176846.7999
2,1206.8460,1177.2020,1177201.9999
2,1207.7571,1178.1131,1178113.0999
2,1208.1983,1178.5543,1178554.2999
2,1208.2678,1178.6238,1178623.7999
2,1208.2764,1178.6324,1178632.3999
2,1209.3454,1179.7014,1179701.3999
2,1209.8507,1180.2067,1180206.6999
2,1210.7276,1181.0836,1181083.5999
2,1210.8805,1181.2365,1181236.4999
2,1211.2352,1181.5912,1181591.1999
2,1213.7369,1184.0929,1184092.8999
2,1215.0331,1185.3891,1185389.0999
2,1215.3637,1185.7197,1185719.6999
2,1217.7881,1188.1441,1188144.0999
2,1217.8838,1188.2398,1188239.7999
2,1223.4839,1193.8399,1193839.8999
2,1225.2400,1195.5960,1195595.9999
2,1226.4259,1196.7819,1196781.8999
2,1229.3773,1199.7333,1199733.2999
2,1230.1830,1200.5390,1200538.9999
2,1230.8116,1201.1676,1201167.5999
2,1230.8485,1201.2045,1201204.4999
2,1230.8627,1201.2187,1201218.6999
2,1231.0660,1201.4220,1201421.9999
2,1231.7007,1202.0567,1202056.6999
2,1232.5693,1202.9253,1202925.2999
2,1233.0682,1203.4242,1203424.1999
2,1234.0832,1204.4392,1204439.1999
2,1234.1343,1204.4903,1204490.2999
2,1234.1376,1204.4936,1204493.5999
2,1234.3210,1204.6770,1204676.9999
2,1235.5116,1205.8676,1205867.5999
2,1236.2108,1206.5668,1206566.7999
2,1236.2381,1206.5941,1206594.0999
2,1236.3106,1206.6666,1206666.5999
2,1244.6854,1215.0414,1215041.3999
2,1244.6987,1215.0547,1215054.6999
2,1244.9800,1215.3360,1215335.9999
2,1245.0298,1215.3858,1215385.7999
2,1246.8842,1217.2402,1217240.1999
2,1247.9591,1218.3151,1218315.0999
2,1248.0556,1218.4116,1218411.5999
2,1248.4654,1218.8214,1218821.3999
2,1249.1964,1219.5524,1219552.3999
2,1249.2290,1219.5850,1219584.9999
2,1250.3909,1220.7469,1220746.8999
2,1250.4294,1220.7854,1220785.3999
2,1250.4552,1220.8112,1220811.1999
2,1250.4645,1220.8205,1220820.4999
2,1251.2438,1221.5998,1221599.7999
2,1251.7861,1222.1421,1222142.0999
2,1251.7890,1222.1450,1222144.9999
2,1252.9395,1223.2955,1223295.4999
2,1253.0445,1223.4005,1223400.4999
2,1253.3883,1223.7443,1223744.2999
2,1256.0656,1226.4216,1226421.5999
2,1256.4832,1226.8392,1226839.1999
2,1262.8811,1233.2371,1233237.0999
2,1262.8958,1233.2518,1233251.7999
2,1266.7562,1237.1122,1237112.1999
2,1269.2640,1239.6200,1239619.9999
2,1270.3176,1240.6736,1240673.5999
2,1270.3445,1240.7005,1240700.4999
2,1270.4096,1240.7656,1240765.5999
2,1270.4412,1240.7972,1240797.1999
2,1270.6839,1241.0399,1241039.8999
2,1270.6871,1241.0431,1241043.0999
2,1270.7903,1241.1463,1241146.2999
2,1270.9790,1241.3350,1241334.9999
2,1270.9993,1241.3553,1241355.2999
2,1271.0593,1241.4153,1241415.2999
2,1271.0621,1241.4181,1241418.0999
2,1271.1000,1241.4560,1241455.9999
2,1271.8486,1242.2046,1242204.5999
2,1274.4708,1244.8268,1244826.7999
2,1275.2801,1245.6361,1245636.0999
2,1275.3811,1245.7371,1245737.0999
2,1275.4061,1245.7621,1245762.0999
2,1275.4986,1245.8546,1245854.5999
2,1275.9364,1246.2924,1246292.3999
2,1276.0959,1246.4519,1246451.8999
2,1277.9715,1248.3275,1248327.4999
2,1278.0885,1248.4445,1248444.4999
2,1278.1238,1248.4798,1248479.7999
2,1278.2002,1248.5562,1248556.1999
2,1278.6924,1249.0484,1249048.3999
2,1278.7098,1249.0658,1249065.7999
2,1278.8260,1249.1820,1249181.9999
2,1279.0762,1249.4322,1249432.1999
2,1279.0854,1249.4414,1249441.3999
2,1279.1202,1249.4762,1249476.1999
2,1279.1840,1249.5400,1249539.9999
2,1279.4623,1249.8183,1249818.2999
2,1279.5709,1249.9269,1249926.8999
2,1279.8170,1250.1730,1250172.9999
2,1280.7610,1251.1170,1251116.9999
2,1281.0939,1251.4499,1251449.8999
2,1282.4857,1252.8417,1252841.6999
2,1283.7500,1254.1060,1254105.9999
2,1285.3105,1255.6665,1255666.4999
2,1286.0235,1256.3795,1256379.4999
2,1288.1781,1258.5341,1258534.0999
2,1288.8850,1259.2410,1259240.9999
2,1289.2526,1259.6086,1259608.5999
2,1289.6509,1260.0069,1260006.8999
2,1290.5154,1260.8714,1260871.3999
2,1291.2832,1261.6392,1261639.1999
2,1291.4229,1261.7789,1261778.8999
2,1291.4302,1261.7862,1261786.1999
2,1291.4608,1261.8168,1261816.7999
2,1291.5432,1261.8992,1261899.1999
2,1291.7285,1262.0845,1262084.4999
2,1291.9842,1262.3402,1262340.1999
2,1292.0861,1262.4421,1262442.0999
2,1292.1603,1262.5163,1262516.2999
2,1292.1799,1262.5359,1262535.8999
2,1292.2188,1262.5748,1262574.7999
2,1292.3156,1262.6716,1262671.5999
2,1292.5927,1262.9487,1262948.6999
2,1293.1246,1263.4806,1263480.5999
2,1294.4403,1264.7963,1264796.2999
2,1294.5827,1264.9387,1264938.6999
2,1294.6073,1264.9633,1264963.2999
2,1294.6098,1264.9658,1264965.7999
2,1295.1910,1265.5470,1265546.9999
2,1295.5317,1265.8877,1265887.6999
2,1295.8679,1266.2239,1266223.8999
2,1297.7896,1268.1456,1268145.5999
2,1297.9030,1268.2590,1268258.9999
2,1302.6147,1272.9707,1272970.6999
2,1303.4768,1273.8328,1273832.7999
2,1305.6346,1275.9906,1275990.5999
2,1306.7822,1277.1382,1277138.1999
2,1309.8989,1280.2549,1280254.8999
2,1310.1767,1280.5327,1280532.6999
2,1310.1808,1280.5368,1280536.7999
2,1310.5348,1280.8908,1280890.7999
2,1312.8716,1283.2276,1283227.5999
2,1312.8851,1283.2411,1283241.0999
2,1313.6657,1284.0217,1284021.6999
2,1313.7283,1284.0843,1284084.2999
2,1315.6177,1285.9737,1285973.6999
2,1316.9507,1287.3067,1287306.6999
2,1317.1795,1287.5355,1287535.4999
2,1317.3006,1287.6566,1287656.5999
2,1318.9730,1289.3290,1289328.9999
2,1323.4860,1293.8420,1293841.9999
2,1323.6352,1293.9912,1293991.1999
2,1324.2029,1294.5589,1294558.8999
2,1324.2219,1294.5779,1294577.8999
2,1324.3318,1294.6878,1294687.7999
2,1324.9788,1295.3348,1295334.7999
2,1327.0135,1297.3695,1297369.4999
2,1328.4273,1298.7833,1298783.2999
2,1328.4691,1298.8251,1298825.0999
2,1329.0466,1299.4026,1299402.5999
2,1331.7888,1302.1448,1302144.7999
2,1332.2909,1302.6469,1302646.8999
2,1332.6877,1303.0437,1303043.6999
2,1333.5894,1303.9454,1303945.3999
2,1333.6436,1303.9996,1303999.5999
2,1335.3653,1305.7213,1305721.2999
2,1335.8517,1306.2077,1306207.6999
2,1335.8961,1306.2521,1306252.0999
2,1336.8799,1307.2359,1307235.8999
2,1337.2254,1307.5814,1307581.3999
2,1337.4970,1307.8530,1307852.9999
2,1337.5160,1307.8720,1307871.9999
2,1337.7082,1308.0642,1308064.1999
2,1338.1254,1308.4814,1308481.3999
2,1338.1836,1308.5396,1308539.5999
2,1341.1908,1311.5468,1311546.7999
2,1341.3814,1311.7374,1311737.3999
2,1342.5309,1312.8869,1312886.8999
2,1344.3269,1314.6829,1314682.8999
2,1344.3368,1314.6928,1314692.7999
2,1346.4936,1316.8496,1316849.5999
2,1346.5087,1316.8647,1316864.6999
2,1348.1084,1318.4644,1318464.3999
2,1348.6761,1319.0321,1319032.0999
2,1349.0125,1319.3685,1319368.4999
2,1352.2840,1322.6400,1322639.9999
2,1352.7956,1323.1516,1323151.5999
2,1352.8007,1323.1567,1323156.6999
2,1352.9489,1323.3049,1323304.8999
2,1354.4028,1324.7588,1324758.7999
2,1357.9154,1328.2714,1328271.3999
2,1357.9220,1328.2780,1328277.9999
2,1358.2918,1328.6478,1328647.7999
2,1358.3004,1328.6564,1328656.3999
2,1358.3073,1328.6633,1328663.2999
2,1358.8610,1329.2170,1329216.9999
2,1360.1229,1330.4789,1330478.8999
2,1361.1392,1331.4952,1331495.1999
2,1362.6032,1332.9592,1332959.1999
2,1363.3872,1333.7432,1333743.1999
2,1363.8585,1334.2145,1334214.4999
2,1364.4384,1334.7944,1334794.3999
2,1364.4414,1334.7974,1334797.3999
2,1364.6139,1334.9699,1334969.8999
2,1364.7199,1335.0759,1335075.8999
2,1364.9245,1335.2805,1335280.4999
2,1365.2383,1335.5943,1335594.2999
2,1365.3074,1335.6634,1335663.3999
2,1365.3306,1335.6866,1335686.5999
2,1365.3470,1335.7030,1335702.9999
2,1365.4416,1335.7976,1335797.5999
2,1365.5106,1335.8666,1335866.5999
2,1365.5297,1335.8857,1335885.6999
2,1365.6119,1335.9679,1335967.8999
2,1365.7705,1336.1265,1336126.4999
2,1365.9605,1336.3165,1336316.4999
2,1366.2014,1336.5574,1336557.3999
2,1367.0288,1337.3848,1337384.7999
2,1367.8333,1338.1893,1338189.2999
2,1368.4898,1338.8458,1338845.7999
2,1369.2910,1339.6470,1339646.9999
2,1369.5910,1339.9470,1339946.9999
2,1369.6744,1340.0304,1340030.3999
2,1369.9909,1340.3469,1340346.8999
2,1371.2150,1341.5710,1341570.9999
2,1372.2805,1342.6365,1342636.4999
2,1372.3408,1342.6968,1342696.7999
2,1372.4251,1342.7811,1342781.0999
2,1372.4377,1342.7937,1342793.6999
2,1373.8914,1344.2474,1344247.3999
2,1375.7270,1346.0830,1346082.9999
2,1377.3965,1347.7525,1347752.4999
2,1378.5450,1348.9010,1348900.9999
2,1379.1677,1349.5237,1349523.6999
2,1379.1942,1349.5502,1349550.1999
2,1379.6717,1350.0277,1350027.6999
2,1379.7346,1350.0906,1350090.5999
2,1381.0451,1351.4011,1351401.0999
2,1384.6701,1355.0261,1355026.0999
2,1386.6044,1356.9604,1356960.3999
2,1386.6832,1357.0392,1357039.1999
2,1387.1518,1357.5078,1357507.7999
2,1387.8032,1358.1592,1358159.1999
2,1387.8166,1358.1726,1358172.5999
2,1387.8933,1358.2493,1358249.2999
2,1387.9248,1358.2808,1358280.7999
2,1388.3367,1358.6927,1358692.6999
2,1388.7384,1359.0944,1359094.3999
2,1389.0078,1359.3638,1359363.7999
2,1389.0140,1359.3700,1359369.9999
2,1389.1759,1359.5319,1359531.8999
2,1389.5700,1359.9260,1359925.9999
2,1389.9312,1360.2872,1360287.1999
2,1390.0874,1360.4434,1360443.3999
2,1390.4413,1360.7973,1360797.2999
2,1390.4696,1360.8256,1360825.5999
2,1390.5616,1360.9176,1360917.5999
2,1390.7001,1361.0561,1361056.0999
2,1390.7901,1361.1461,1361146.0999
2,1390.8351,1361.1911,1361191.0999
2,1390.9186,1361.2746,1361274.5999
2,1391.5793,1361.9353,1361935.2999
2,1392.7559,1363.1119,1363111.8999
2,1392.8886,1363.2446,1363244.5999
2,1392.9695,1363.3255,1363325.4999
2,1395.0304,1365.3864,1365386.3999
2,1395.5365,1365.8925,1365892.4999
2,1397.3922,1367.7482,1367748.1999
2,1397.4024,1367.7584,1367758.3999
2,1397.8493,1368.2053,1368205.2999
2,1399.0513,1369.4073,1369407.2999
2,1399.0968,1369.4528,1369452.7999
2,1399.4309,1369.7869,1369786.8999
2,1399.5580,1369.9140,1369913.9999
2,1400.2906,1370.6466,1370646.5999
2,1400.3380,1370.6940,1370693.9999
2,1400.3751,1370.7311,1370731.0999
2,1400.5747,1370.9307,1370930.6999
2,1400.5772,1370.9332,1370933.1999
2,1401.9949,1372.3509,1372350.8999
2,1402.4290,1372.7850,1372784.9999
2,1403.4156,1373.7716,1373771.5999
2,1403.4264,1373.7824,1373782.3999
2,1403.4524,1373.8084,1373808.3999
2,1403.4693,1373.8253,1373825.2999
2,1403.4754,1373.8314,1373831.3999
2,1404.5760,1374.9320,1374931.9999
2,1404.5780,1374.9340,1374933.9999
2,1404.5975,1374.9535,1374953.4999
2,1404.6045,1374.9605,1374960.4999
2,1404.6391,1374.9951,1374995.0999
2,1404.6586,1375.0146,1375014.5999
2,1406.0765,1376.4325,1376432.4999
2,1406.6872,1377.0432,1377043.1999
2,1408.1464,1378.5024,1378502.3999
2,1412.2539,1382.6099,1382609.8999
2,1413.0550,1383.4110,1383410.9999
2,1414.8884,1385.2444,1385244.3999
2,1414.9210,1385.2770,1385276.9999
2,1417.3582,1387.7142,1387714.1999
2,1417.4505,1387.8065,1387806.4999
2,1417.4857,1387.8417,1387841.6999
2,1418.0068,1388.3628,1388362.7999
2,1418.0886,1388.4446,1388444.5999
2,1418.1177,1388.4737,1388473.6999
2,1418.3024,1388.6584,1388658.3999
2,1418.4544,1388.8104,1388810.3999
2,1419.3226,1389.6786,1389678.5999
2,1419.6339,1389.9899,1389989.8999
2,1419.6542,1390.0102,1390010.1999
2,1419.8346,1390.1906,1390190.5999
2,1419.8622,1390.2182,1390218.1999
2,1419.8816,1390.2376,1390237.5999
2,1419.8942,1390.2502,1390250.1999
2,1420.1804,1390.5364,1390536.3999
2,1420.8339,1391.1899,1391189.8999
2,1425.4012,1395.7572,1395757.1999
2,1426.7419,1397.0979,1397097.8999
2,1426.7978,1397.1538,1397153.7999
2,1427.6611,1398.0171,1398017.0999
2,1428.8836,1399.2396,1399239.5999
2,1429.7060,1400.0620,1400061.9999
2,1429.7227,1400.0787,1400078.6999
2,1429.8593,1400.2153,1400215.2999
2,1432.4534,1402.8094,1402809.3999
2,1432.5003,1402.8563,1402856.2999
2,1432.5925,1402.9485,1402948.4999
2,1432.7732,1403.1292,1403129.1999
2,1432.8096,1403.1656,1403165.5999
2,1432.8637,1403.2197,1403219.6999
2,1432.8786,1403.2346,1403234.5999
2,1432.9191,1403.2751,1403275.0999
2,1434.2198,1404.5758,1404575.7999
2,1434.4330,1404.7890,1404788.9999
2,1435.6834,1406.0394,1406039.3999
2,1436.0149,1406.3709,1406370.8999
2,1436.2180,1406.5740,1406573.9999
2,1436.2732,1406.6292,1406629.1999
2,1436.6245,1406.9805,1406980.4999
2,1436.6722,1407.0282,1407028.1999
2,1436.7834,1407.1394,1407139.3999
2,1437.5956,1407.9516,1407951.5999
2,1437.6178,1407.9738,1407973.7999
2,1437.6840,1408.0400,1408039.9999
2,1438.0985,1408.4545,1408454.4999
2,1438.4270,1408.7830,1408782.9999
2,1438.6821,1409.0381,1409038.0999
2,1438.6852,1409.0412,1409041.1999
2,1441.6557,1412.0117,1412011.6999
2,1442.1453,1412.5013,1412501.2999
2,1442.4745,1412.8305,1412830.4999
2,1442.7419,1413.0979,1413097.8999
2,1442.8102,1413.1662,1413166.1999
2,1442.8876,1413.2436,1413243.5999
2,1443.2470,1413.6030,1413602.9999
2,1443.4028,1413.7588,1413758.7999
2,1444.5529,1414.9089,1414908.8999
2,1444.5747,1414.9307,1414930.6999
2,1445.0595,1415.4155,1415415.4999
2,1445.3638,1415.7198,1415719.7999
2,1446.0944,1416.4504,1416450.3999
2,1447.2521,1417.6081,1417608.0999
2,1447.5984,1417.9544,1417954.3999
2,1448.0274,1418.3834,1418383.3999
2,1448.0363,1418.3923,1418392.2999
2,1448.5425,1418.8985,1418898.4999
2,1448.6402,1418.9962,1418996.1999
2,1448.9823,1419.3383,1419338.2999
2,1450.0015,1420.3575,1420357.4999
2,1450.1063,1420.4623,1420462.2999
2,1451.3218,1421.6778,1421677.7999
2,1451.5182,1421.8742,1421874.1999
2,1451.6269,1421.9829,1421982.8999
2,1451.9094,1422.2654,1422265.3999
2,1453.4843,1423.8403,1423840.2999
2,1453.5690,1423.9250,1423924.9999
2,1453.9063,1424.2623,1424262.2999
2,1455.4734,1425.8294,1425829.3999
2,1459.4708,1429.8268,1429826.7999
2,1461.6544,1432.0104,1432010.3999
2,1461.7144,1432.0704,1432070.3999
2,1461.8035,1432.1595,1432159.4999
2,1463.2548,1433.6108,1433610.7999
2,1463.3455,1433.7015,1433701.4999
2,1463.8288,1434.1848,1434184.7999
2,1463.9015,1434.2575,1434257.4999
2,1464.7460,1435.1020,1435101.9999
2,1465.2448,1435.6008,1435600.7999
2,1466.4484,1436.8044,1436804.3999
2,1466.4635,1436.8195,1436819.4999
2,1468.9049,1439.2609,1439260.8999
2,1469.2394,1439.5954,1439595.3999
2,1471.9745,1442.3305,1442330.4999
2,1472.4542,1442.8102,1442810.1999
2,1472.5179,1442.8739,1442873.8999
2,1474.0471,1444.4031,1444403.0999
2,1474.2136,1444.5696,1444569.5999
2,1474.6725,1445.0285,1445028.4999
2,1474.7052,1445.0612,1445061.1999
2,1475.2352,1445.5912,1445591.1999
2,1475.2604,1445.6164,1445616.3999
2,1475.2838,1445.6398,1445639.7999
2,1475.3844,1445.7404,1445740.3999
2,1476.2097,1446.5657,1446565.6999
2,1476.2533,1446.6093,1446609.2999
2,1476.2600,1446.6160,1446615.9999
2,1476.2640,1446.6200,1446619.9999
2,1476.5379,1446.8939,1446893.8999
2,1476.7653,1447.1213,1447121.2999
2,1477.0862,1447.4422,1447442.1999
2,1478.3232,1448.6792,1448679.1999
2,1478.3639,1448.7199,1448719.8999
2,1479.3889,1449.7449,1449744.8999
2,1479.7782,1450.1342,1450134.1999
2,1479.8020,1450.1580,1450157.9999
2,1480.4580,1450.8140,1450813.9999
2,1480.6873,1451.0433,1451043.2999
2,1481.8903,1452.2463,1452246.2999
2,1482.3880,1452.7440,1452743.9999
2,1483.0894,1453.4454,1453445.3999
2,1483.4818,1453.8378,1453837.7999
2,1484.4940,1454.8500,1454849.9999
2,1484.5958,1454.9518,1454951.7999
2,1484.6963,1455.0523,1455052.2999
2,1484.7038,1455.0598,1455059.7999
2,1484.7409,1455.0969,1455096.8999
2,1484.7815,1455.1375,1455137.4999
2,1484.8807,1455.2367,1455236.6999
2,1484.9069,1455.2629,1455262.8999
2,1485.0752,1455.4312,1455431.1999
2,1485.1159,1455.4719,1455471.8999
2,1485.2459,1455.6019,1455601.8999
2,1485.6249,1455.9809,1455980.8999
2,1486.1577,1456.5137,1456513.6999
2,1488.4285,1458.7845,1458784.4999
2,1489.8111,1460.1671,1460167.0999
2,1490.4743,1460.8303,1460830.2999
2,1493.1922,1463.5482,1463548.1999
2,1498.1801,1468.5361,1468536.0999
2,1501.4568,1471.8128,1471812.7999
2,1501.8236,1472.1796,1472179.5999
2,1501.9791,1472.3351,1472335.0999
2,1503.6202,1473.9762,1473976.1999
2,1505.2491,1475.6051,1475605.0999
2,1506.6884,1477.0444,1477044.3999
2,1507.2949,1477.6509,1477650.8999
2,1507.7571,1478.1131,1478113.0999
2,1507.9138,1478.2698,1478269.7999
2,1510.9782,1481.3342,1481334.1999
2,1513.4682,1483.8242,1483824.1999
2,1513.5901,1483.9461,1483946.0999
2,1513.8090,1484.1650,1484164.9999
2,1515.5879,1485.9439,1485943.8999
2,1515.6334,1485.9894,1485989.3999
2,1515.9411,1486.2971,1486297.0999
2,1516.0862,1486.4422,1486442.1999
2,1516.1588,1486.5148,1486514.7999
2,1516.2361,1486.5921,1486592.0999
2,1516.4830,1486.8390,1486838.9999
2,1518.5846,1488.9406,1488940.5999
2,1518.6792,1489.0352,1489035.1999
2,1518.8051,1489.1611,1489161.0999
2,1520.0805,1490.4365,1490436.4999
2,1522.7230,1493.0790,1493078.9999
2,1529.0766,1499.4326,1499432.5999
2,1529.1439,1499.4999,1499499.8999
2,1531.1607,1501.5167,1501516.6999
2,1531.1637,1501.5197,1501519.6999
2,1532.8584,1503.2144,1503214.3999
2,1534.3050,1504.6610,1504660.9999
2,1534.6816,1505.0376,1505037.5999
2,1534.6957,1505.0517,1505051.6999
2,1536.0264,1506.3824,1506382.3999
2,1536.0394,1506.3954,1506395.3999
2,1536.0808,1506.4368,1506436.7999
2,1537.2999,1507.6559,1507655.8999
2,1537.4697,1507.8257,1507825.6999
2,1537.5277,1507.8837,1507883.6999
2,1537.6787,1508.0347,1508034.6999
2,1537.8063,1508.1623,1508162.2999
2,1538.0535,1508.4095,1508409.4999
2,1538.1116,1508.4676,1508467.5999
2,1538.1267,1508.4827,1508482.6999
2,1538.6878,1509.0438,1509043.7999
2,1539.6150,1509.9710,1509970.9999
2,1539.6315,1509.9875,1509987.4999
2,1539.6898,1510.0458,1510045.7999
2,1539.7606,1510.1166,1510116.5999
2,1539.8220,1510.1780,1510177.9999
2,1540.1740,1510.5300,1510529.9999
2,1540.1928,1510.5488,1510548.7999
2,1540.4254,1510.7814,1510781.3999
2,1540.7493,1511.1053,1511105.2999
2,1542.7001,1513.0561,1513056.0999
2,1542.7527,1513.1087,1513108.6999
2,1542.7711,1513.1271,1513127.0999
2,1543.2310,1513.5870,1513586.9999
2,1543.2452,1513.6012,1513601.1999
2,1543.2542,1513.6102,1513610.1999
2,1543.5064,1513.8624,1513862.3999
2,1543.6553,1514.0113,1514011.2999
2,1543.7000,1514.0560,1514055.9999
2,1543.8962,1514.2522,1514252.1999
2,1544.2158,1514.5718,1514571.7999
2,1544.2580,1514.6140,1514613.9999
2,1544.3608,1514.7168,1514716.7999
2,1544.8932,1515.2492,1515249.1999
2,1545.0253,1515.3813,1515381.2999
2,1545.6059,1515.9619,1515961.8999
2,1545.9107,1516.2667,1516266.6999
2,1546.0362,1516.3922,1516392.1999
2,1547.4604,1517.8164,1517816.3999
2,1548.0413,1518.3973,1518397.2999
2,1548.4107,1518.7667,1518766.6999
2,1548.4380,1518.7940,1518793.9999
2,1548.4804,1518.8364,1518836.3999
2,1548.4837,1518.8397,1518839.6999
2,1549.4140,1519.7700,1519769.9999
2,1549.4404,1519.7964,1519796.3999
2,1549.4433,1519.7993,1519799.2999
2,1551.3160,1521.6720,1521671.9999
2,1553.8921,1524.2481,1524248.0999
2,1553.9073,1524.2633,1524263.2999
2,1554.3025,1524.6585,1524658.4999
2,1554.7380,1525.0940,1525093.9999
2,1554.9007,1525.2567,1525256.6999
2,1554.9298,1525.2858,1525285.7999
2,1554.9814,1525.3374,1525337.3999
2,1554.9907,1525.3467,1525346.6999
2,1555.0421,1525.3981,1525398.0999
2,1555.0946,1525.4506,1525450.5999
2,1555.1206,1525.4766,1525476.5999
2,1555.1399,1525.4959,1525495.8999
2,1555.1420,1525.4980,1525497.9999
2,1555.3525,1525.7085,1525708.4999
2,1555.8128,1526.1688,1526168.7999
2,1555.8192,1526.1752,1526175.1999
2,1556.7155,1527.0715,1527071.4999
2,1560.2204,1530.5764,1530576.3999
2,1560.3261,1530.6821,1530682.0999
2,1560.5725,1530.9285,1530928.4999
2,1560.6197,1530.9757,1530975.6999
2,1560.8567,1531.2127,1531212.6999
2,1560.9321,1531.2881,1531288.0999
2,1561.8590,1532.2150,1532214.9999
2,1561.9402,1532.2962,1532296.1999
2,1561.9750,1532.3310,1532330.9999
2,1562.2734,1532.6294,1532629.3999
2,1563.4471,1533.8031,1533803.0999
2,1564.4268,1534.7828,1534782.7999
2,1564.4494,1534.8054,1534805.3999
2,1564.5454,1534.9014,1534901.3999
2,1565.1528,1535.5088,1535508.7999
2,1565.3454,1535.7014,1535701.3999
2,1565.3519,1535.7079,1535707.8999
2,1565.8336,1536.1896,1536189.5999
2,1565.8412,1536.1972,1536197.1999
2,1566.0139,1536.3699,1536369.8999
2,1566.2099,1536.5659,1536565.8999
2,1566.2587,1536.6147,1536614.6999
2,1566.4250,1536.7810,1536780.9999
2,1567.0320,1537.3880,1537387.9999
2,1567.0527,1537.4087,1537408.6999
2,1567.2657,1537.6217,1537621.6999
2,1567.5562,1537.9122,1537912.1999
2,1567.5668,1537.9228,1537922.7999
2,1567.6015,1537.9575,1537957.4999
2,1567.8291,1538.1851,1538185.0999
2,1568.3850,1538.7410,1538740.9999
2,1569.0437,1539.3997,1539399.6999
2,1569.1821,1539.5381,1539538.0999
2,1570.1417,1540.4977,1540497.6999
2,1570.8518,1541.2078,1541207.7999
2,1571.0620,1541.4180,1541417.9999
2,1572.2980,1542.6540,1542653.9999
2,1572.3001,1542.6561,1542656.0999
2,1572.3681,1542.7241,1542724.0999
2,1572.4224,1542.7784,1542778.3999
2,1572.7447,1543.1007,1543100.6999
2,1572.7536,1543.1096,1543109.5999
2,1574.7304,1545.0864,1545086.3999
2,1574.9463,1545.3023,1545302.2999
2,1575.4914,1545.8474,1545847.3999
2,1578.2565,1548.6125,1548612.4999
2,1580.4974,1550.8534,1550853.3999
2,1580.8431,1551.1991,1551199.0999
2,1580.9181,1551.2741,1551274.0999
2,1581.0873,1551.4433,1551443.2999
2,1583.0806,1553.4366,1553436.5999
2,1584.1107,1554.4667,1554466.6999
2,1584.1463,1554.5023,1554502.2999
2,1586.8377,1557.1937,1557193.6999
2,1586.8666,1557.2226,1557222.5999
2,1586.9023,1557.2583,1557258.2999
2,1587.2570,1557.6130,1557612.9999
2,1588.7817,1559.1377,1559137.6999
2,1589.9104,1560.2664,1560266.3999
2,1589.9516,1560.3076,1560307.5999
2,1591.6583,1562.0143,1562014.2999
2,1592.2305,1562.5865,1562586.4999
2,1592.8121,1563.1681,1563168.0999
2,1594.0419,1564.3979,1564397.8999
2,1594.5054,1564.8614,1564861.3999
2,1595.0780,1565.4340,1565433.9999
2,1595.2150,1565.5710,1565570.9999
2,1595.7144,1566.0704,1566070.3999
2,1595.7953,1566.1513,1566151.2999
2,1595.8780,1566.2340,1566233.9999
2,1595.9215,1566.2775,1566277.4999
2,1596.8477,1567.2037,1567203.6999
2,1596.9924,1567.3484,1567348.3999
2,1597.0471,1567.4031,1567403.0999
2,1599.4940,1569.8500,1569849.9999
2,1601.4775,1571.8335,1571833.4999
2,1602.0476,1572.4036,1572403.5999
2,1602.7548,1573.1108,1573110.7999
2,1605.6040,1575.9600,1575959.9999
2,1605.6739,1576.0299,1576029.8999
2,1605.7051,1576.0611,1576061.0999
2,1606.4914,1576.8474,1576847.3999
2,1607.9354,1578.2914,1578291.3999
2,1609.6161,1579.9721,1579972.0999
2,1609.6239,1579.9799,1579979.8999
2,1609.6774,1580.0334,1580033.3999
2,1609.7025,1580.0585,1580058.4999
2,1611.3527,1581.7087,1581708.6999
2,1611.6660,1582.0220,1582021.9999
2,1613.6703,1584.0263,1584026.2999
2,1613.9319,1584.2879,1584287.8999
2,1614.3389,1584.6949,1584694.8999
2,1614.4134,1584.7694,1584769.3999
2,1614.4288,1584.7848,1584784.7999
2,1614.5049,1584.8609,1584860.8999
2,1614.5447,1584.9007,1584900.6999
2,1614.7838,1585.1398,1585139.7999
2,1614.8865,1585.2425,1585242.4999
2,1614.9193,1585.2753,1585275.2999
2,1615.4309,1585.7869,1585786.8999
2,1615.4609,1585.8169,1585816.8999
2,1615.4880,1585.8440,1585843.9999
2,1615.5041,1585.8601,1585860.0999
2,1615.5350,1585.8910,1585890.9999
2,1615.8066,1586.1626,1586162.5999
2,1615.8219,1586.1779,1586177.8999
2,1615.8506,1586.2066,1586206.5999
2,1616.1624,1586.5184,1586518.3999
2,1616.1729,1586.5289,1586528.8999
2,1616.3537,1586.7097,1586709.6999
2,1616.9903,1587.3463,1587346.2999
2,1617.2356,1587.5916,1587591.5999
2,1617.3534,1587.7094,1587709.3999
2,1617.4719,1587.8279,1587827.8999
2,1617.5019,1587.8579,1587857.8999
2,1617.5864,1587.9424,1587942.3999
2,1617.5961,1587.9521,1587952.0999
2,1617.8842,1588.2402,1588240.1999
2,1617.9804,1588.3364,1588336.3999
2,1619.7561,1590.1121,1590112.0999
2,1619.7587,1590.1147,1590114.6999
2,1619.8420,1590.1980,1590197.9999
2,1620.5459,1590.9019,1590901.8999
2,1620.6329,1590.9889,1590988.8999
2,1622.1985,1592.5545,1592554.4999
2,1622.8596,1593.2156,1593215.5999
2,1622.8711,1593.2271,1593227.0999
2,1623.2771,1593.6331,1593633.0999
2,1623.4442,1593.8002,1593800.1999
2,1623.4515,1593.8075,1593807.4999
2,1623.6490,1594.0050,1594004.9999
2,1624.1498,1594.5058,1594505.7999
2,1624.6187,1594.9747,1594974.6999
2,1624.7572,1595.1132,1595113.1999
2,1626.2348,1596.5908,1596590.7999
2,1626.3437,1596.6997,1596699.6999
2,1628.0735,1598.4295,1598429.4999
2,1629.0825,1599.4385,1599438.4999
2,1629.2882,1599.6442,1599644.1999
2,1629.3840,1599.7400,1599739.9999
2,1629.4066,1599.7626,1599762.5999
2,1630.6157,1600.9717,1600971.6999
2,1631.4213,1601.7773,1601777.2999
2,1632.5118,1602.8678,1602867.7999
2,1632.5558,1602.9118,1602911.7999
2,1632.5593,1602.9153,1602915.2999
2,1632.6159,1602.9719,1602971.8999
2,1632.8312,1603.1872,1603187.1999
2,1632.8576,1603.2136,1603213.5999
2,1633.2673,1603.6233,1603623.2999
2,1633.4960,1603.8520,1603851.9999
2,1633.5376,1603.8936,1603893.5999
2,1633.9973,1604.3533,1604353.2999
2,1634.0253,1604.3813,1604381.2999
2,1634.0349,1604.3909,1604390.8999
2,1634.0415,1604.3975,1604397.4999
2,1634.3961,1604.7521,1604752.0999
2,1634.5578,1604.9138,1604913.7999
2,1634.8600,1605.2160,1605215.9999
2,1635.0824,1605.4384,1605438.3999
2,1636.4964,1606.8524,1606852.3999
2,1644.0561,1614.4121,1614412.0999
2,1644.1415,1614.4975,1614497.4999
2,1644.2852,1614.6412,1614641.1999
2,1645.4999,1615.8559,1615855.8999
2,1645.5257,1615.8817,1615881.6999
2,1645.7964,1616.1524,1616152.3999
2,1646.3249,1616.6809,1616680.8999
2,1648.7165,1619.0725,1619072.4999
2,1649.0792,1619.4352,1619435.1999
2,1649.1851,1619.5411,1619541.0999
2,1649.2058,1619.5618,1619561.7999
2,1649.4446,1619.8006,1619800.5999
2,1649.5701,1619.9261,1619926.0999
2,1654.7749,1625.1309,1625130.8999
2,1655.1896,1625.5456,1625545.5999
2,1657.0459,1627.4019,1627401.8999
2,1657.0490,1627.4050,1627404.9999
2,1657.2241,1627.5801,1627580.0999
2,1660.0949,1630.4509,1630450.8999
2,1662.0485,1632.4045,1632404.4999
2,1663.6216,1633.9776,1633977.5999
2,1664.1239,1634.4799,1634479.8999
2,1664.7917,1635.1477,1635147.6999
2,1666.2377,1636.5937,1636593.6999
2,1666.2466,1636.6026,1636602.5999
2,1666.5450,1636.9010,1636900.9999
2,1667.3852,1637.7412,1637741.1999
2,1669.6722,1640.0282,1640028.1999
2,1671.2010,1641.5570,1641556.9999
2,1671.4929,1641.8489,1641848.8999
2,1672.1018,1642.4578,1642457.7999
2,1673.8651,1644.2211,1644221.0999
2,1674.5522,1644.9082,1644908.1999
2,1675.7035,1646.0595,1646059.4999
2,1676.0007,1646.3567,1646356.6999
2,1676.0351,1646.3911,1646391.0999
2,1676.1587,1646.5147,1646514.6999
2,1676.3807,1646.7367,1646736.6999
2,1676.3844,1646.7404,1646740.3999
2,1676.8433,1647.1993,1647199.2999
2,1676.8753,1647.2313,1647231.2999
2,1676.9161,1647.2721,1647272.0999
2,1676.9469,1647.3029,1647302.8999
2,1676.9500,1647.3060,1647305.9999
2,1676.9869,1647.3429,1647342.8999
2,1677.4656,1647.8216,1647821.5999
2,1677.4721,1647.8281,1647828.0999
2,1677.5963,1647.9523,1647952.2999
2,1678.0572,1648.4132,1648413.1999
2,1678.4505,1648.8065,1648806.4999
2,1678.6695,1649.0255,1649025.4999
2,1678.7566,1649.1126,1649112.5999
2,1679.2312,1649.5872,1649587.1999
2,1679.9427,1650.2987,1650298.6999
2,1680.0580,1650.4140,1650413.9999
2,1680.1133,1650.4693,1650469.2999
2,1680.7414,1651.0974,1651097.3999
2,1680.9901,1651.3461,1651346.0999
2,1683.2287,1653.5847,1653584.6999
2,1684.7572,1655.1132,1655113.1999
2,1684.7900,1655.1460,1655145.9999
2,1685.5664,1655.9224,1655922.3999
2,1685.9632,1656.3192,1656319.1999
2,1686.3124,1656.6684,1656668.3999
2,1686.7081,1657.0641,1657064.0999
2,1688.2435,1658.5995,1658599.4999
2,1688.2564,1658.6124,1658612.3999
2,1689.3249,1659.6809,1659680.8999
2,1691.3760,1661.7320,1661731.9999
2,1693.5199,1663.8759,1663875.8999
2,1693.5628,1663.9188,1663918.7999
2,1694.5544,1664.9104,1664910.3999
2,1694.5726,1664.9286,1664928.5999
2,1698.5477,1668.9037,1668903.6999
2,1699.5880,1669.9440,1669943.9999
2,1700.4163,1670.7723,1670772.2999
2,1700.6552,1671.0112,1671011.1999
2,1701.9989,1672.3549,1672354.8999
2,1702.8023,1673.1583,1673158.2999
2,1705.5199,1675.8759,1675875.8999
2,1706.4878,1676.8438,1676843.7999
2,1706.9835,1677.3395,1677339.4999
2,1707.1061,1677.4621,1677462.0999
2,1707.1113,1677.4673,1677467.2999
2,1707.1968,1677.5528,1677552.7999
2,1707.2389,1677.5949,1677594.8999
2,1707.3088,1677.6648,1677664.7999
2,1707.3108,1677.6668,1677666.7999
2,1707.9813,1678.3373,1678337.2999
2,1708.2800,1678.6360,1678635.9999
2,1709.8003,1680.1563,1680156.2999
2,1711.2625,1681.6185,1681618.4999
2,1712.4931,1682.8491,1682849.0999
2,1718.1613,1688.5173,1688517.2999
2,1718.1659,1688.5219,1688521.8999
2,1718.1684,1688.5244,1688524.3999
2,1720.3736,1690.7296,1690729.5999
2,1720.7045,1691.0605,1691060.4999
2,1720.8274,1691.1834,1691183.3999
2,1720.9535,1691.3095,1691309.4999
2,1721.5898,1691.9458,1691945.7999
2,1723.1679,1693.5239,1693523.8999
2,1724.6175,1694.9735,1694973.4999
2,1726.4022,1696.7582,1696758.1999
2,1728.4461,1698.8021,1698802.0999
2,1728.4665,1698.8225,1698822.4999
2,1728.5646,1698.9206,1698920.5999
2,1729.1421,1699.4981,1699498.0999
2,1731.6198,1701.9758,1701975.7999
2,1732.3778,1702.7338,1702733.7999
2,1733.5800,1703.9360,1703935.9999
2,1733.5890,1703.9450,1703944.9999
2,1733.8764,1704.2324,1704232.3999
2,1734.4659,1704.8219,1704821.8999
2,1735.4995,1705.8555,1705855.4999
2,1736.3966,1706.7526,1706752.5999
2,1737.7215,1708.0775,1708077.4999
2,1739.0082,1709.3642,1709364.1999
2,1739.3597,1709.7157,1709715.6999
2,1744.8385,1715.1945,1715194.4999
2,1744.8486,1715.2046,1715204.5999
2,1748.0365,1718.3925,1718392.4999
2,1748.0692,1718.4252,1718425.1999
2,1748.1338,1718.4898,1718489.7999
2,1749.5006,1719.8566,1719856.5999
2,1751.5803,1721.9363,1721936.2999
2,1751.8260,1722.1820,1722181.9999
2,1752.4851,1722.8411,1722841.0999
2,1752.5752,1722.9312,1722931.1999
2,1752.6605,1723.0165,1723016.4999
2,1752.7866,1723.1426,1723142.5999
2,1752.9065,1723.2625,1723262.4999
2,1752.9788,1723.3348,1723334.7999
2,1753.2789,1723.6349,1723634.8999
2,1754.1280,1724.4840,1724483.9999
2,1755.7061,1726.0621,1726062.0999
2,1755.7910,1726.1470,1726146.9999
2,1756.0617,1726.4177,1726417.6999
2,1756.7287,1727.0847,1727084.6999
2,1756.9356,1727.2916,1727291.5999
2,1758.2408,1728.5968,1728596.7999
2,1759.5834,1729.9394,1729939.3999
2,1760.7630,1731.1190,1731118.9999
2,1761.5881,1731.9441,1731944.0999
2,1761.8374,1732.1934,1732193.3999
2,1762.0153,1732.3713,1732371.2999
2,1762.0537,1732.4097,1732409.6999
2,1762.4202,1732.7762,1732776.1999
2,1762.7225,1733.0785,1733078.4999
2,1764.4125,1734.7685,1734768.4999
2,1764.4766,1734.8326,1734832.5999
2,1764.5281,1734.8841,1734884.0999
2,1765.6508,1736.0068,1736006.7999
2,1765.6822,1736.0382,1736038.1999
2,1765.7050,1736.0610,1736060.9999
2,1767.0561,1737.4121,1737412.0999
2,1768.0009,1738.3569,1738356.8999
2,1768.0065,1738.3625,1738362.4999
2,1768.2104,1738.5664,1738566.3999
2,1768.5628,1738.9188,1738918.7999
2,1768.6708,1739.0268,1739026.7999
2,1768.6915,1739.0475,1739047.4999
2,1771.8289,1742.1849,1742184.8999
2,1772.6201,1742.9761,1742976.0999
2,1772.6575,1743.0135,1743013.4999
2,1773.2958,1743.6518,1743651.7999
2,1774.4198,1744.7758,1744775.7999
2,1774.7523,1745.1083,1745108.2999
2,1783.0973,1753.4533,1753453.2999
2,1785.5903,1755.9463,1755946.2999
2,1787.1817,1757.5377,1757537.6999
2,1789.5702,1759.9262,1759926.1999
2,1790.9721,1761.3281,1761328.0999
2,1795.7298,1766.0858,1766085.7999
2,1796.1812,1766.5372,1766537.1999
2,1796.8694,1767.2254,1767225.3999
2,1797.7338,1768.0898,1768089.7999
2,1798.4676,1768.8236,1768823.5999
2,1798.9389,1769.2949,1769294.8999
2,1799.8516,1770.2076,1770207.5999
2,1801.2042,1771.5602,1771560.1999
2,1801.5934,1771.9494,1771949.3999
2,1801.8977,1772.2537,1772253.6999
2,1802.1627,1772.5187,1772518.6999
2,1802.5156,1772.8716,1772871.5999
2,1804.1222,1774.4782,1774478.1999
2,1804.7887,1775.1447,1775144.6999
2,1805.1298,1775.4858,1775485.7999
2,1805.1929,1775.5489,1775548.8999
2,1805.4663,1775.8223,1775822.2999
2,1808.9899,1779.3459,1779345.8999
2,1811.9399,1782.2959,1782295.8999
2,1813.7510,1784.1070,1784106.9999
2,1814.6372,1784.9932,1784993.1999
2,1814.7089,1785.0649,1785064.8999
2,1817.7161,1788.0721,1788072.0999
2,1817.8266,1788.1826,1788182.5999
2,1819.1664,1789.5224,1789522.3999
2,1819.3714,1789.7274,1789727.3999
2,1819.9619,1790.3179,1790317.8999
2,1819.9669,1790.3229,1790322.8999
2,1821.0501,1791.4061,1791406.0999
2,1821.0882,1791.4442,1791444.1999
2,1821.1115,1791.4675,1791467.4999
2,1821.2323,1791.5883,1791588.2999
2,1821.4329,1791.7889,1791788.8999
2,1821.8809,1792.2369,1792236.8999
2,1821.9251,1792.2811,1792281.0999
2,1821.9338,1792.2898,1792289.7999
2,1821.9637,1792.3197,1792319.6999
2,1823.1418,1793.4978,1793497.7999
2,1828.7130,1799.0690,1799068.9999
2,1828.7515,1799.1075,1799107.4999
2,1828.9089,1799.2649,1799264.8999
2,1829.0910,1799.4470,1799446.9999
2,1829.0949,1799.4509,1799450.8999
2,1829.1015,1799.4575,1799457.4999
2,1829.3259,1799.6819,1799681.8999
2,1833.5106,1803.8666,1803866.5999
2,1833.8320,1804.1880,1804187.9999
2,1834.2883,1804.6443,1804644.2999
2,1834.4568,1804.8128,1804812.7999
2,1834.5462,1804.9022,1804902.1999
2,1835.1309,1805.4869,1805486.8999
2,1835.1425,1805.4985,1805498.4999
2,1835.4169,1805.7729,1805772.8999
2,1835.4883,1805.8443,1805844.2999
2,1836.6800,1807.0360,1807035.9999
2,1837.7859,1808.1419,1808141.8999
2,1843.4231,1813.7791,1813779.0999
2,1843.6305,1813.9865,1813986.4999
2,1845.3085,1815.6645,1815664.4999
2,1845.5495,1815.9055,1815905.4999
2,1846.0403,1816.3963,1816396.2999
2,1846.3342,1816.6902,1816690.1999
2,1847.1452,1817.5012,1817501.1999
2,1847.4715,1817.8275,1817827.4999
2,1847.8029,1818.1589,1818158.8999
2,1848.0059,1818.3619,1818361.8999
2,1848.0255,1818.3815,1818381.4999
2,1848.4793,1818.8353,1818835.2999
2,1848.8127,1819.1687,1819168.6999
2,1848.8398,1819.1958,1819195.7999
2,1852.3699,1822.7259,1822725.8999
2,1852.7437,1823.0997,1823099.6999
2,1853.0337,1823.3897,1823389.6999
2,1856.2658,1826.6218,1826621.7999
2,1856.4703,1826.8263,1826826.2999
2,1856.4770,1826.8330,1826832.9999
2,1856.6223,1826.9783,1826978.2999
2,1858.3396,1828.6956,1828695.5999
2,1858.5646,1828.9206,1828920.5999
2,1858.7075,1829.0635,1829063.4999
2,1858.8975,1829.2535,1829253.4999
2,1859.5094,1829.8654,1829865.3999
2,1860.5137,1830.8697,1830869.6999
2,1861.3856,1831.7416,1831741.5999
2,1861.5184,1831.8744,1831874.3999
2,1863.5026,1833.8586,1833858.5999
2,1864.8701,1835.2261,1835226.0999
2,1864.9220,1835.2780,1835277.9999
2,1864.9324,1835.2884,1835288.3999
2,1865.7582,1836.1142,1836114.1999
2,1865.7617,1836.1177,1836117.6999
2,1867.5523,1837.9083,1837908.2999
2,1868.3816,1838.7376,1838737.5999
2,1868.4198,1838.7758,1838775.7999
2,1868.5383,1838.8943,1838894.2999
2,1869.0733,1839.4293,1839429.2999
2,1869.4353,1839.7913,1839791.2999
2,1869.4877,1839.8437,1839843.6999
2,1869.6683,1840.0243,1840024.2999
2,1871.6025,1841.9585,1841958.4999
2,1873.1207,1843.4767,1843476.6999
2,1877.0017,1847.3577,1847357.6999
2,1877.1322,1847.4882,1847488.1999
2,1878.2478,1848.6038,1848603.7999
2,1878.4254,1848.7814,1848781.3999
2,1878.6931,1849.0491,1849049.0999
2,1880.5721,1850.9281,1850928.0999
2,1880.8342,1851.1902,1851190.1999
2,1884.3966,1854.7526,1854752.5999
2,1886.5481,1856.9041,1856904.0999
2,1886.8071,1857.1631,1857163.0999
2,1887.1961,1857.5521,1857552.0999
2,1890.1877,1860.5437,1860543.6999
2,1890.4502,1860.8062,1860806.1999
2,1892.9811,1863.3371,1863337.0999
2,1893.0024,1863.3584,1863358.3999
2,1894.2718,1864.6278,1864627.7999
2,1894.4612,1864.8172,1864817.1999
2,1895.1344,1865.4904,1865490.3999
2,1895.2437,1865.5997,1865599.6999
2,1895.2538,1865.6098,1865609.7999
2,1895.5924,1865.9484,1865948.3999
2,1902.2535,1872.6095,1872609.4999
2,1909.2346,1879.5906,1879590.5999
2,1915.0126,1885.3686,1885368.5999
2,1915.3018,1885.6578,1885657.7999
2,1917.4761,1887.8321,1887832.0999
2,1917.5327,1887.8887,1887888.6999
2,1917.7120,1888.0680,1888067.9999
2,1918.1215,1888.4775,1888477.4999
2,1918.2510,1888.6070,1888606.9999
2,1919.4933,1889.8493,1889849.2999
2,1919.7577,1890.1137,1890113.6999
2,1919.8600,1890.2160,1890215.9999
2,1922.3200,1892.6760,1892675.9999
2,1922.4255,1892.7815,1892781.4999
2,1922.6204,1892.9764,1892976.3999
2,1923.2437,1893.5997,1893599.6999
2,1923.5441,1893.9001,1893900.0999
2,1924.3557,1894.7117,1894711.6999
2,1924.6614,1895.0174,1895017.3999
2,1926.6606,1897.0166,1897016.5999
2,1930.6783,1901.0343,1901034.2999
2,1931.8606,1902.2166,1902216.5999
2,1932.8974,1903.2534,1903253.3999
2,1933.3609,1903.7169,1903716.8999
2,1935.3375,1905.6935,1905693.4999
2,1935.3502,1905.7062,1905706.1999
2,1936.4779,1906.8339,1906833.8999
2,1936.7717,1907.1277,1907127.6999
2,1937.9734,1908.3294,1908329.3999
2,1938.4786,1908.8346,1908834.5999
2,1939.0811,1909.4371,1909437.0999
2,1939.4113,1909.7673,1909767.2999
2,1939.4264,1909.7824,1909782.3999
2,1939.9045,1910.2605,1910260.4999
2,1939.9433,1910.2993,1910299.2999
2,1939.9469,1910.3029,1910302.8999
2,1940.2103,1910.5663,1910566.2999
2,1940.9619,1911.3179,1911317.8999
2,1942.6737,1913.0297,1913029.6999
2,1944.3121,1914.6681,1914668.0999
2,1944.3676,1914.7236,1914723.5999
2,1945.2655,1915.6215,1915621.4999
2,1945.9717,1916.3277,1916327.6999
2,1948.2013,1918.5573,1918557.2999
2,1951.9946,1922.3506,1922350.5999
2,1952.1077,1922.4637,1922463.6999
2,1952.4735,1922.8295,1922829.4999
2,1954.6524,1925.0084,1925008.3999
2,1954.7167,1925.0727,1925072.6999
2,1957.6423,1927.9983,1927998.2999
2,1958.4413,1928.7973,1928797.2999
2,1959.8875,1930.2435,1930243.4999
2,1960.0315,1930.3875,1930387.4999
2,1960.0351,1930.3911,1930391.0999
2,1960.2368,1930.5928,1930592.7999
2,1960.2437,1930.5997,1930599.6999
2,1960.4374,1930.7934,1930793.3999
2,1961.3080,1931.6640,1931663.9999
2,1963.4470,1933.8030,1933802.9999
2,1967.8064,1938.1624,1938162.3999
2,1968.2936,1938.6496,1938649.5999
2,1970.2129,1940.5689,1940568.8999
2,1972.8069,1943.1629,1943162.8999
2,1972.8974,1943.2534,1943253.3999
2,1975.6755,1946.0315,1946031.4999
2,1976.2236,1946.5796,1946579.5999
2,1976.2754,1946.6314,1946631.3999
2,1976.5254,1946.8814,1946881.3999
2,1981.3355,1951.6915,1951691.4999
2,1983.8761,1954.2321,1954232.0999
2,1983.9825,1954.3385,1954338.4999
2,1984.0199,1954.3759,1954375.8999
2,1984.3632,1954.7192,1954719.1999
2,1984.3944,1954.7504,1954750.3999
2,1985.0140,1955.3700,1955369.9999
2,1985.0928,1955.4488,1955448.7999
2,1985.1761,1955.5321,1955532.0999
2,1986.0304,1956.3864,1956386.3999
2,1986.0503,1956.4063,1956406.2999
2,1986.1930,1956.5490,1956548.9999
2,1986.2734,1956.6294,1956629.3999
2,1986.2965,1956.6525,1956652.4999
2,1987.1718,1957.5278,1957527.7999
2,1991.1254,1961.4814,1961481.3999
2,1992.4009,1962.7569,1962756.8999
2,1992.5816,1962.9376,1962937.5999
2,1997.2914,1967.6474,1967647.3999
2,2000.0759,1970.4319,1970431.8999
2,2001.6924,1972.0484,1972048.3999
2,2002.4161,1972.7721,1972772.0999
2,2002.8184,1973.1744,1973174.3999
2,2003.4913,1973.8473,1973847.2999
2,2003.5327,1973.8887,1973888.6999
2,2009.3709,1979.7269,1979726.8999
2,2010.3306,1980.6866,1980686.5999
2,2010.8876,1981.2436,1981243.5999
2,2012.5404,1982.8964,1982896.3999
2,2013.4770,1983.8330,1983832.9999
2,2013.8748,1984.2308,1984230.7999
2,2014.2817,1984.6377,1984637.6999
2,2014.7448,1985.1008,1985100.7999
2,2015.5053,1985.8613,1985861.2999
2,2017.8386,1988.1946,1988194.5999
2,2020.8060,1991.1620,1991161.9999
2,2021.3726,1991.7286,1991728.5999
2,2025.2546,1995.6106,1995610.5999
2,2026.0656,1996.4216,1996421.5999
2,2026.4862,1996.8422,1996842.1999
2,2030.0048,2000.3608,2000360.7999
2,2030.0162,2000.3722,2000372.1999
2,2030.0721,2000.4281,2000428.0999
2,2033.8933,2004.2493,2004249.2999
2,2033.9189,2004.2749,2004274.8999
2,2042.5741,2012.9301,2012930.0999
2,2043.8555,2014.2115,2014211.4999
2,2044.5728,2014.9288,2014928.7999
2,2044.6739,2015.0299,2015029.8999
2,2051.7134,2022.0694,2022069.3999
2,2053.4135,2023.7695,2023769.4999
2,2053.4337,2023.7897,2023789.6999
2,2054.1622,2024.5182,2024518.1999
2,2055.0771,2025.4331,2025433.0999
2,2057.7885,2028.1445,2028144.4999
2,2058.7316,2029.0876,2029087.5999
2,2058.7490,2029.1050,2029104.9999
2,2061.5013,2031.8573,2031857.2999
2,2062.0337,2032.3897,2032389.6999
2,2063.0719,2033.4279,2033427.8999
2,2064.2460,2034.6020,2034601.9999
2,2064.7249,2035.0809,2035080.8999
2,2064.9476,2035.3036,2035303.5999
2,2067.1166,2037.4726,2037472.5999
2,2067.7058,2038.0618,2038061.7999
2,2067.8432,2038.1992,2038199.1999
2,2067.9081,2038.2641,2038264.0999
2,2067.9804,2038.3364,2038336.3999
2,2067.9875,2038.3435,2038343.4999
2,2069.7914,2040.1474,2040147.3999
2,2069.8047,2040.1607,2040160.6999
2,2069.8372,2040.1932,2040193.1999
2,2071.1753,2041.5313,2041531.2999
2,2078.8430,2049.1990,2049198.9999
2,2083.1497,2053.5057,2053505.6999
2,2085.1015,2055.4575,2055457.4999
2,2087.0362,2057.3922,2057392.1999
2,2087.8980,2058.2540,2058253.9999
2,2089.1242,2059.4802,2059480.1999
2,2090.3520,2060.7080,2060707.9999
2,2094.3601,2064.7161,2064716.0999
2,2094.4789,2064.8349,2064834.8999
2,2094.5056,2064.8616,2064861.5999
2,2094.5610,2064.9170,2064916.9999
2,2094.6451,2065.0011,2065001.0999
2,2094.8716,2065.2276,2065227.5999
2,2094.9533,2065.3093,2065309.2999
2,2095.6884,2066.0444,2066044.3999
2,2097.4838,2067.8398,2067839.7999
2,2097.7766,2068.1326,2068132.5999
2,2101.3962,2071.7522,2071752.1999
2,2102.0410,2072.3970,2072396.9999
2,2102.2445,2072.6005,2072600.4999
2,2102.2624,2072.6184,2072618.3999
2,2102.2734,2072.6294,2072629.3999
2,2106.9025,2077.2585,2077258.4999
2,2107.4168,2077.7728,2077772.7999
2,2107.4452,2077.8012,2077801.1999
2,2108.5044,2078.8604,2078860.3999
2,2109.3608,2079.7168,2079716.7999
2,2111.2589,2081.6149,2081614.8999
2,2111.3702,2081.7262,2081726.1999
2,2111.5266,2081.8826,2081882.5999
2,2111.7860,2082.1420,2082141.9999
2,2111.8308,2082.1868,2082186.7999
2,2111.8861,2082.2421,2082242.0999
2,2111.9132,2082.2692,2082269.1999
2,2111.9399,2082.2959,2082295.8999
2,2112.0849,2082.4409,2082440.8999
2,2112.3192,2082.6752,2082675.1999
2,2112.3347,2082.6907,2082690.6999
2,2112.6895,2083.0455,2083045.4999
2,2112.7704,2083.1264,2083126.3999
2,2112.7956,2083.1516,2083151.5999
2,2114.3821,2084.7381,2084738.0999
2,2114.8480,2085.2040,2085203.9999
2,2117.2729,2087.6289,2087628.8999
2,2119.4999,2089.8559,2089855.8999
2,2119.6260,2089.9820,2089981.9999
2,2119.8433,2090.1993,2090199.2999
2,2121.3883,2091.7443,2091744.2999
2,2122.7735,2093.1295,2093129.4999
2,2123.1958,2093.5518,2093551.7999
2,2124.1236,2094.4796,2094479.5999
2,2124.8546,2095.2106,2095210.5999
2,2125.5336,2095.8896,2095889.5999
2,2126.1802,2096.5362,2096536.1999
2,2128.7776,2099.1336,2099133.5999
2,2130.5008,2100.8568,2100856.7999
2,2130.9292,2101.2852,2101285.1999
2,2131.1877,2101.5437,2101543.6999
2,2137.0079,2107.3639,2107363.8999
2,2137.0358,2107.3918,2107391.7999
2,2138.3881,2108.7441,2108744.0999
2,2139.3036,2109.6596,2109659.5999
2,2139.3172,2109.6732,2109673.1999
2,2142.4140,2112.7700,2112769.9999
2,2144.5048,2114.8608,2114860.7999
2,2144.8495,2115.2055,2115205.4999
2,2144.9042,2115.2602,2115260.1999
2,2145.1679,2115.5239,2115523.8999
2,2145.4106,2115.7666,2115766.5999
2,2145.7306,2116.0866,2116086.5999
2,2146.0134,2116.3694,2116369.3999
2,2147.4427,2117.7987,2117798.6999
2,2148.4834,2118.8394,2118839.3999
2,2148.8157,2119.1717,2119171.6999
2,2149.8351,2120.1911,2120191.0999
2,2149.8402,2120.1962,2120196.1999
2,2150.2420,2120.5980,2120597.9999
2,2150.7159,2121.0719,2121071.8999
2,2152.0070,2122.3630,2122362.9999
2,2154.6128,2124.9688,2124968.7999
2,2156.6150,2126.9710,2126970.9999
2,2157.3620,2127.7180,2127717.9999
2,2158.8214,2129.1774,2129177.3999
2,2158.8856,2129.2416,2129241.5999
2,2159.5535,2129.9095,2129909.4999
2,2161.7207,2132.0767,2132076.6999
2,2163.7053,2134.0613,2134061.2999
2,2164.0147,2134.3707,2134370.6999
2,2165.0874,2135.4434,2135443.3999
2,2165.1593,2135.5153,2135515.2999
2,2165.2250,2135.5810,2135580.9999
2,2168.4393,2138.7953,2138795.2999
2,2170.3003,2140.6563,2140656.2999
2,2170.3381,2140.6941,2140694.0999
2,2172.2398,2142.5958,2142595.7999
2,2172.3123,2142.6683,2142668.2999
2,2172.8365,2143.1925,2143192.4999
2,2176.4388,2146.7948,2146794.7999
2,2176.5538,2146.9098,2146909.7999
2,2176.6672,2147.0232,2147023.1999
2,2178.9923,2149.3483,2149348.2999
2,2179.0294,2149.3854,2149385.3999
2,2180.4997,2150.8557,2150855.6999
2,2180.8924,2151.2484,2151248.3999
2,2181.5065,2151.8625,2151862.4999
2,2184.7302,2155.0862,2155086.1999
2,2186.6556,2157.0116,2157011.5999
2,2188.4635,2158.8195,2158819.4999
2,2188.8882,2159.2442,2159244.1999
2,2190.9491,2161.3051,2161305.0999
2,2193.4502,2163.8062,2163806.1999
2,2198.4858,2168.8418,2168841.7999
2,2198.5072,2168.8632,2168863.1999
2,2200.6542,2171.0102,2171010.1999
2,2200.7444,2171.1004,2171100.3999
2,2200.8258,2171.1818,2171181.7999
2,2200.9264,2171.2824,2171282.3999
2,2202.5081,2172.8641,2172864.0999
2,2204.2487,2174.6047,2174604.6999
2,2204.2560,2174.6120,2174611.9999
2,2204.9505,2175.3065,2175306.4999
2,2205.1638,2175.5198,2175519.7999
2,2207.0170,2177.3730,2177372.9999
2,2207.0305,2177.3865,2177386.4999
2,2207.7109,2178.0669,2178066.8999
2,2208.2815,2178.6375,2178637.4999
2,2209.5127,2179.8687,2179868.6999
2,2209.6106,2179.9666,2179966.5999
2,2209.6797,2180.0357,2180035.6999
2,2209.7695,2180.1255,2180125.4999
2,2212.1694,2182.5254,2182525.3999
2,2212.6660,2183.0220,2183021.9999
2,2213.2397,2183.5957,2183595.6999
2,2213.4885,2183.8445,2183844.4999
2,2214.1611,2184.5171,2184517.0999
2,2214.1846,2184.5406,2184540.5999
2,2214.2305,2184.5865,2184586.4999
2,2216.0776,2186.4336,2186433.5999
2,2216.1023,2186.4583,2186458.2999
2,2216.3627,2186.7187,2186718.6999
2,2216.4922,2186.8482,2186848.1999
2,2217.9882,2188.3442,2188344.1999
2,2219.2158,2189.5718,2189571.7999
2,2220.7530,2191.1090,2191108.9999
2,2221.0146,2191.3706,2191370.5999
2,2223.3080,2193.6640,2193663.9999
2,2224.7040,2195.0600,2195059.9999
2,2225.3372,2195.6932,2195693.1999
2,2225.7973,2196.1533,2196153.2999
2,2225.8573,2196.2133,2196213.2999
2,2226.1088,2196.4648,2196464.7999
2,2226.2691,2196.6251,2196625.0999
2,2226.3215,2196.6775,2196677.4999
2,2226.3823,2196.7383,2196738.2999
2,2226.7500,2197.1060,2197105.9999
2,2226.8693,2197.2253,2197225.2999
2,2229.8604,2200.2164,2200216.3999
2,2231.6682,2202.0242,2202024.1999
2,2233.9789,2204.3349,2204334.8999
2,2234.0119,2204.3679,2204367.8999
2,2234.1164,2204.4724,2204472.3999
2,2234.1840,2204.5400,2204539.9999
2,2234.5900,2204.9460,2204945.9999
2,2234.9884,2205.3444,2205344.3999
2,2236.5575,2206.9135,2206913.4999
2,2237.1754,2207.5314,2207531.3999
2,2238.9241,2209.2801,2209280.0999
2,2239.5214,2209.8774,2209877.3999
2,2240.0929,2210.4489,2210448.8999
2,2240.1188,2210.4748,2210474.7999
2,2244.1576,2214.5136,2214513.5999
2,2246.2725,2216.6285,2216628.4999
2,2248.8126,2219.1686,2219168.5999
2,2249.2998,2219.6558,2219655.7999
2,2249.3720,2219.7280,2219727.9999
2,2249.4842,2219.8402,2219840.1999
2,2250.1118,2220.4678,2220467.7999
2,2250.4676,2220.8236,2220823.5999
2,2250.4738,2220.8298,2220829.7999
2,2250.6102,2220.9662,2220966.1999
2,2250.6128,2220.9688,2220968.7999
2,2250.6765,2221.0325,2221032.4999
2,2250.6972,2221.0532,2221053.1999
2,2253.5483,2223.9043,2223904.2999
2,2254.1323,2224.4883,2224488.2999
2,2254.2183,2224.5743,2224574.2999
2,2254.6184,2224.9744,2224974.3999
2,2254.6233,2224.9793,2224979.2999
2,2255.1471,2225.5031,2225503.0999
2,2255.4594,2225.8154,2225815.3999
2,2257.3478,2227.7038,2227703.7999
2,2257.5662,2227.9222,2227922.1999
2,2258.2745,2228.6305,2228630.4999
2,2259.8173,2230.1733,2230173.2999
2,2259.8208,2230.1768,2230176.7999
2,2261.5514,2231.9074,2231907.3999
2,2261.7082,2232.0642,2232064.1999
2,2262.0882,2232.4442,2232444.1999
2,2262.6245,2232.9805,2232980.4999
2,2263.4331,2233.7891,2233789.0999
2,2263.5641,2233.9201,2233920.0999
2,2263.5908,2233.9468,2233946.7999
2,2263.7853,2234.1413,2234141.2999
2,2265.0816,2235.4376,2235437.5999
2,2266.4101,2236.7661,2236766.0999
2,2268.5505,2238.9065,2238906.4999
2,2269.8042,2240.1602,2240160.1999
2,2269.8467,2240.2027,2240202.6999
2,2270.0222,2240.3782,2240378.1999
2,2270.0740,2240.4300,2240429.9999
2,2270.1393,2240.4953,2240495.2999
2,2270.1488,2240.5048,2240504.7999
2,2270.2769,2240.6329,2240632.8999
2,2270.5921,2240.9481,2240948.0999
2,2270.7777,2241.1337,2241133.6999
2,2270.8366,2241.1926,2241192.5999
2,2270.8677,2241.2237,2241223.6999
2,2270.8709,2241.2269,2241226.8999
2,2272.0271,2242.3831,2242383.0999
2,2272.5765,2242.9325,2242932.4999
2,2272.6087,2242.9647,2242964.6999
2,2272.6770,2243.0330,2243032.9999
2,2273.6828,2244.0388,2244038.7999
2,2274.4983,2244.8543,2244854.2999
2,2274.9687,2245.3247,2245324.6999
2,2275.0674,2245.4234,2245423.3999
2,2277.4628,2247.8188,2247818.7999
2,2279.9557,2250.3117,2250311.6999
2,2281.0562,2251.4122,2251412.1999
2,2282.5276,2252.8836,2252883.5999
2,2283.5812,2253.9372,2253937.1999
2,2285.7018,2256.0578,2256057.7999
2,2287.3325,2257.6885,2257688.4999
2,2287.9960,2258.3520,2258351.9999
2,2288.2510,2258.6070,2258606.9999
2,2288.6061,2258.9621,2258962.0999
2,2291.9420,2262.2980,2262297.9999
2,2294.4028,2264.7588,2264758.7999
2,2294.4983,2264.8543,2264854.2999
2,2294.8504,2265.2064,2265206.3999
2,2295.0646,2265.4206,2265420.5999
2,2296.0733,2266.4293,2266429.2999
2,2297.6951,2268.0511,2268051.0999
2,2299.0262,2269.3822,2269382.1999
2,2299.0978,2269.4538,2269453.7999
2,2304.4498,2274.8058,2274805.7999
2,2306.9071,2277.2631,2277263.0999
2,2307.1987,2277.5547,2277554.6999
2,2307.4856,2277.8416,2277841.5999
2,2308.6059,2278.9619,2278961.8999
2,2309.7799,2280.1359,2280135.8999
2,2309.8940,2280.2500,2280249.9999
2,2314.6912,2285.0472,2285047.1999
2,2319.2635,2289.6195,2289619.4999
2,2319.4418,2289.7978,2289797.7999
2,2319.9784,2290.3344,2290334.3999
2,2320.0306,2290.3866,2290386.5999
2,2321.1578,2291.5138,2291513.7999
2,2321.2510,2291.6070,2291606.9999
2,2321.3282,2291.6842,2291684.1999
2,2321.3936,2291.7496,2291749.5999
2,2321.5246,2291.8806,2291880.5999
2,2321.7046,2292.0606,2292060.5999
2,2321.8077,2292.1637,2292163.6999
2,2321.8653,2292.2213,2292221.2999
2,2322.1395,2292.4955,2292495.4999
2,2322.3351,2292.6911,2292691.0999
2,2322.4036,2292.7596,2292759.5999
2,2322.7162,2293.0722,2293072.1999
2,2325.3932,2295.7492,2295749.1999
2,2325.4449,2295.8009,2295800.8999
2,2325.5886,2295.9446,2295944.5999
2,2325.6620,2296.0180,2296017.9999
2,2326.4721,2296.8281,2296828.0999
2,2326.4967,2296.8527,2296852.6999
2,2326.5410,2296.8970,2296896.9999
2,2326.8585,2297.2145,2297214.4999
2,2329.0731,2299.4291,2299429.0999
2,2329.3819,2299.7379,2299737.8999
2,2330.6737,2301.0297,2301029.6999
2,2332.5955,2302.9515,2302951.4999
2,2332.6695,2303.0255,2303025.4999
2,2332.7743,2303.1303,2303130.2999
2,2333.5805,2303.9365,2303936.4999
2,2333.6246,2303.9806,2303980.5999
2,2336.1402,2306.4962,2306496.1999
2,2336.4303,2306.7863,2306786.2999
2,2337.9952,2308.3512,2308351.1999
2,2338.1903,2308.5463,2308546.2999
2,2338.5412,2308.8972,2308897.1999
2,2342.5989,2312.9549,2312954.8999
2,2342.8375,2313.1935,2313193.4999
2,2342.8732,2313.2292,2313229.1999
2,2343.3354,2313.6914,2313691.3999
2,2344.8821,2315.2381,2315238.0999
2,2344.9350,2315.2910,2315290.9999
2,2346.5142,2316.8702,2316870.1999
2,2347.4775,2317.8335,2317833.4999
2,2349.5620,2319.9180,2319917.9999
2,2350.6805,2321.0365,2321036.4999
2,2350.9018,2321.2578,2321257.7999
2,2351.7916,2322.1476,2322147.5999
2,2352.4910,2322.8470,2322846.9999
2,2352.8853,2323.2413,2323241.2999
2,2352.9123,2323.2683,2323268.2999
2,2353.2465,2323.6025,2323602.4999
2,2353.3927,2323.7487,2323748.6999
2,2353.8153,2324.1713,2324171.2999
2,2353.8636,2324.2196,2324219.5999
2,2353.9741,2324.3301,2324330.0999
2,2354.2487,2324.6047,2324604.6999
2,2354.4137,2324.7697,2324769.6999
2,2354.4819,2324.8379,2324837.8999
2,2354.5680,2324.9240,2324923.9999
2,2354.6767,2325.0327,2325032.6999
2,2355.0632,2325.4192,2325419.1999
2,2355.0854,2325.4414,2325441.3999
2,2355.7554,2326.1114,2326111.3999
2,2356.1976,2326.5536,2326553.5999
2,2356.4452,2326.8012,2326801.1999
2,2357.0653,2327.4213,2327421.2999
2,2357.1253,2327.4813,2327481.2999
2,2357.1299,2327.4859,2327485.8999
2,2357.2572,2327.6132,2327613.1999
2,2357.3536,2327.7096,2327709.5999
2,2357.8051,2328.1611,2328161.0999
2,2358.1349,2328.4909,2328490.8999
2,2358.5663,2328.9223,2328922.2999
2,2358.8985,2329.2545,2329254.4999
2,2359.7421,2330.0981,2330098.0999
2,2359.8246,2330.1806,2330180.5999
2,2362.0585,2332.4145,2332414.4999
2,2365.3753,2335.7313,2335731.2999
2,2365.3831,2335.7391,2335739.0999
2,2365.6333,2335.9893,2335989.2999
2,2366.0567,2336.4127,2336412.6999
2,2366.4911,2336.8471,2336847.0999
2,2368.1486,2338.5046,2338504.5999
2,2368.7445,2339.1005,2339100.4999
2,2369.5420,2339.8980,2339897.9999
2,2370.7022,2341.0582,2341058.1999
2,2372.7818,2343.1378,2343137.7999
2,2372.8570,2343.2130,2343212.9999
2,2376.3739,2346.7299,2346729.8999
2,2378.4505,2348.8065,2348806.4999
2,2378.7920,2349.1480,2349147.9999
2,2378.7946,2349.1506,2349150.5999
2,2379.8550,2350.2110,2350210.9999
2,2380.6641,2351.0201,2351020.0999
2,2384.0388,2354.3948,2354394.7999
2,2385.5630,2355.9190,2355918.9999
2,2387.2111,2357.5671,2357567.0999
2,2388.2836,2358.6396,2358639.5999
2,2388.4137,2358.7697,2358769.6999
2,2388.7640,2359.1200,2359119.9999
2,2389.6829,2360.0389,2360038.8999
2,2391.6538,2362.0098,2362009.7999
2,2391.7069,2362.0629,2362062.8999
2,2391.9544,2362.3104,2362310.3999
2,2392.3644,2362.7204,2362720.3999
2,2393.1675,2363.5235,2363523.4999
2,2393.4153,2363.7713,2363771.2999
2,2393.5328,2363.8888,2363888.7999
2,2393.5926,2363.9486,2363948.5999
2,2393.7980,2364.1540,2364153.9999
2,2393.8529,2364.2089,2364208.8999
2,2395.8474,2366.2034,2366203.3999
2,2395.9225,2366.2785,2366278.4999
2,2399.1385,2369.4945,2369494.4999
2,2402.0148,2372.3708,2372370.7999
2,2402.3830,2372.7390,2372738.9999
2,2404.8126,2375.1686,2375168.5999
2,2404.8469,2375.2029,2375202.8999
2,2404.9229,2375.2789,2375278.8999
2,2404.9410,2375.2970,2375296.9999
2,2405.2422,2375.5982,2375598.1999
2,2407.2212,2377.5772,2377577.1999
2,2407.2350,2377.5910,2377590.9999
2,2407.4926,2377.8486,2377848.5999
2,2407.5079,2377.8639,2377863.8999
2,2409.6735,2380.0295,2380029.4999
2,2409.6808,2380.0368,2380036.7999
2,2409.8490,2380.2050,2380204.9999
2,2409.9442,2380.3002,2380300.1999
2,2411.0172,2381.3732,2381373.1999
2,2412.1039,2382.4599,2382459.8999
2,2413.3751,2383.7311,2383731.0999
2,2414.7470,2385.1030,2385102.9999
2,2417.8532,2388.2092,2388209.1999
2,2418.6504,2389.0064,2389006.3999
2,2422.1774,2392.5334,2392533.3999
2,2422.2492,2392.6052,2392605.1999
2,2422.3097,2392.6657,2392665.6999
2,2423.9635,2394.3195,2394319.4999
2,2429.6896,2400.0456,2400045.5999
2,2430.8268,2401.1828,2401182.7999
2,2431.5730,2401.9290,2401928.9999
2,2431.5823,2401.9383,2401938.2999
2,2432.2125,2402.5685,2402568.4999
2,2432.9422,2403.2982,2403298.1999
2,2433.6942,2404.0502,2404050.1999
2,2434.0847,2404.4407,2404440.6999
2,2434.3080,2404.6640,2404663.9999
2,2434.8009,2405.1569,2405156.8999
2,2434.8645,2405.2205,2405220.4999
2,2435.5903,2405.9463,2405946.2999
2,2435.7229,2406.0789,2406078.8999
2,2435.9662,2406.3222,2406322.1999
2,2439.1121,2409.4681,2409468.0999
2,2441.6498,2412.0058,2412005.7999
2,2441.9788,2412.3348,2412334.7999
2,2442.0422,2412.3982,2412398.1999
2,2442.0452,2412.4012,2412401.1999
2,2446.9471,2417.3031,2417303.0999
2,2446.9756,2417.3316,2417331.5999
2,2446.9895,2417.3455,2417345.4999
2,2446.9925,2417.3485,2417348.4999
2,2447.7080,2418.0640,2418063.9999
2,2447.7320,2418.0880,2418087.9999
2,2447.7596,2418.1156,2418115.5999
2,2449.4600,2419.8160,2419815.9999
2,2449.4636,2419.8196,2419819.5999
2,2449.5344,2419.8904,2419890.3999
2,2453.8071,2424.1631,2424163.0999
2,2453.8156,2424.1716,2424171.5999
2,2453.8736,2424.2296,2424229.5999
2,2454.5450,2424.9010,2424900.9999
2,2454.6133,2424.9693,2424969.2999
2,2454.7762,2425.1322,2425132.1999
2,2455.0381,2425.3941,2425394.0999
2,2465.0909,2435.4469,2435446.8999
2,2465.7083,2436.0643,2436064.2999
2,2465.8300,2436.1860,2436185.9999
2,2468.0630,2438.4190,2438418.9999
2,2468.0841,2438.4401,2438440.0999
2,2468.8445,2439.2005,2439200.4999
2,2472.1136,2442.4696,2442469.5999
2,2473.6240,2443.9800,2443979.9999
2,2473.9071,2444.2631,2444263.0999
2,2473.9814,2444.3374,2444337.3999
2,2473.9999,2444.3559,2444355.8999
2,2474.0464,2444.4024,2444402.3999
2,2474.0611,2444.4171,2444417.0999
2,2474.1191,2444.4751,2444475.0999
2,2474.2416,2444.5976,2444597.5999
2,2477.0548,2447.4108,2447410.7999
2,2478.9333,2449.2893,2449289.2999
2,2479.5407,2449.8967,2449896.6999
2,2479.6074,2449.9634,2449963.3999
2,2479.6189,2449.9749,2449974.8999
2,2479.6904,2450.0464,2450046.3999
2,2479.7018,2450.0578,2450057.7999
2,2479.7985,2450.1545,2450154.4999
2,2479.9697,2450.3257,2450325.6999
2,2480.3138,2450.6698,2450669.7999
2,2480.3494,2450.7054,2450705.3999
2,2480.6478,2451.0038,2451003.7999
2,2480.7928,2451.1488,2451148.7999
2,2481.4356,2451.7916,2451791.5999
2,2482.2676,2452.6236,2452623.5999
2,2487.6254,2457.9814,2457981.3999
2,2490.2570,2460.6130,2460612.9999
2,2492.0143,2462.3703,2462370.2999
2,2492.1328,2462.4888,2462488.7999
2,2492.1936,2462.5496,2462549.5999
2,2494.2478,2464.6038,2464603.7999
2,2494.3284,2464.6844,2464684.3999
2,2494.7695,2465.1255,2465125.4999
2,2494.7733,2465.1293,2465129.2999
2,2495.2872,2465.6432,2465643.1999
2,2495.3876,2465.7436,2465743.5999
2,2497.2328,2467.5888,2467588.7999
2,2498.3612,2468.7172,2468717.1999
2,2500.0019,2470.3579,2470357.8999
2,2500.0043,2470.3603,2470360.2999
2,2500.0498,2470.4058,2470405.7999
2,2500.0693,2470.4253,2470425.2999
2,2500.0727,2470.4287,2470428.6999
2,2500.1957,2470.5517,2470551.6999
2,2500.3673,2470.7233,2470723.2999
2,2500.4521,2470.8081,2470808.0999
2,2500.5713,2470.9273,2470927.2999
2,2501.5941,2471.9501,2471950.0999
2,2502.1846,2472.5406,2472540.5999
2,2503.1043,2473.4603,2473460.2999
2,2504.6249,2474.9809,2474980.8999
2,2504.7752,2475.1312,2475131.1999
2,2504.8285,2475.1845,2475184.4999
2,2506.5460,2476.9020,2476901.9999
2,2507.9377,2478.2937,2478293.6999
2,2508.3933,2478.7493,2478749.2999
2,2508.4646,2478.8206,2478820.5999
2,2508.5737,2478.9297,2478929.6999
2,2508.6591,2479.0151,2479015.0999
2,2508.7242,2479.0802,2479080.1999
2,2508.7316,2479.0876,2479087.5999
2,2508.7520,2479.1080,2479107.9999
2,2508.9356,2479.2916,2479291.5999
